0
0
0
2
3
4
5
5
6
7
8
8
9
9
10
11
11
12
15
16
22
23
23
23
24
24
26
28
29
31
31
31
32
33
34
34
34
37
41
41
44
47
47
48
48
54
54
54
55
55
55
56
56
56
57
58
58
60
61
62
62
62
64
67
68
71
71
71
72
72
73
73
73
74
74
74
74
81
82
83
86
87
87
88
89
91
91
92
92
96
97
98
100
100
101
102
104
105
107
107
107
109
109
109
110
112
114
115
115
116
116
117
120
122
122
124
124
124
125
125
125
126
127
128
128
128
129
130
131
132
132
134
134
135
136
137
138
138
140
140
141
142
144
146
147
148
150
150
151
152
153
153
154
156
158
160
161
162
162
162
163
163
164
164
166
167
167
168
169
171
172
178
179
179
180
181
181
182
184
185
185
186
186
187
188
188
194
194
194
195
195
196
196
197
197
198
200
201
201
202
202
203
205
205
206
206
206
207
207
208
209
209
209
210
211
212
213
215
215
218
219
220
221
222
223
223
231
231
232
234
235
236
238
238
239
239
240
242
242
244
245
247
248
248
249
250
251
251
253
253
257
260
260
260
261
262
263
263
265
267
269
269
270
270
271
271
272
273
274
274
276
278
279
279
280
281
282
282
283
284
287
288
290
291
292
292
293
294
294
298
298
299
301
301
302
302
303
305
306
309
311
312
312
312
313
317
318
319
319
320
322
322
323
324
324
326
327
328
330
330
331
331
332
332
333
333
334
334
334
337
337
338
341
342
342
344
344
345
345
346
347
349
349
351
352
354
354
355
357
357
358
358
358
358
358
359
359
359
361
361
364
366
368
368
368
369
369
369
370
370
371
371
371
371
373
375
375
379
382
382
383
384
384
385
386
386
388
389
389
391
393
394
394
395
396
396
397
397
397
397
398
399
399
402
402
403
404
405
405
407
407
408
409
412
413
414
414
415
416
418
419
420
422
422
423
423
423
425
426
427
428
428
428
429
430
431
432
432
432
433
435
436
438
440
441
444
446
447
449
450
451
452
456
457
459
460
465
465
466
467
467
470
474
475
475
478
478
478
480
481
482
483
483
484
485
485
485
487
489
489
490
491
492
494
495
497
499
500
506
508
510
511
511
512
513
515
516
516
517
518
518
519
520
520
520
522
522
522
523
523
524
524
525
526
527
527
528
528
529
529
531
532
532
533
533
535
535
536
536
538
539
543
545
546
547
547
549
549
549
549
550
550
552
552
552
553
553
553
553
555
556
557
558
558
559
560
560
560
560
560
561
562
563
563
564
566
566
566
567
567
567
568
570
572
574
574
575
576
576
577
578
578
579
580
580
581
582
585
585
586
586
586
586
587
588
588
590
591
591
592
593
594
594
594
595
598
598
599
599
600
600
600
602
604
604
604
606
607
608
609
609
612
615
616
616
617
617
618
619
621
621
623
624
625
625
627
627
630
631
632
633
634
634
636
637
637
641
642
643
643
645
646
647
648
649
651
652
652
653
653
654
655
657
657
657
657
659
661
662
663
665
665
665
668
668
669
670
672
674
676
676
677
678
678
680
681
683
685
686
687
687
688
689
691
691
693
694
695
696
698
698
698
698
698
699
702
705
705
706
707
710
711
712
712
713
713
715
715
717
717
717
717
717
720
722
723
725
726
726
727
728
731
732
733
736
736
737
738
740
740
740
742
742
743
743
743
745
745
746
750
751
753
754
754
756
758
759
760
761
761
761
762
763
763
765
765
766
769
770
770
771
774
775
775
775
779
779
780
781
781
782
784
785
785
786
787
788
789
789
789
789
794
800
801
801
801
803
804
805
805
805
807
808
810
810
811
811
814
814
815
815
815
817
818
819
821
821
823
824
825
826
828
830
831
833
833
833
834
834
835
835
836
836
836
838
838
838
838
838
839
840
840
841
841
843
843
844
845
846
848
849
849
849
850
850
852
854
855
857
858
858
858
858
859
861
861
862
862
864
865
866
868
868
868
869
870
871
871
872
873
874
874
874
876
877
881
882
883
885
886
887
887
887
887
888
890
890
891
896
896
902
902
903
903
904
905
907
907
907
913
917
917
918
918
919
919
921
922
924
925
925
925
926
926
928
928
930
930
931
931
931
932
934
935
936
937
937
940
941
941
942
942
943
943
944
944
946
946
948
948
949
950
950
953
954
955
958
958
959
959
959
960
961
964
966
967
968
969
970
973
973
974
974
975
976
976
976
978
978
978
979
979
981
984
985
986
986
988
988
990
991
991
991
992
992
993
994
995
995
997
0
0
0
2
3
4
5
5
6
7
8
8
9
9
10
11
11
12
15
16
22
23
23
23
24
24
26
28
29
31
31
31
32
33
34
34
34
37
41
41
44
47
47
48
48
54
54
54
55
55
55
56
56
56
57
58
58
60
61
62
62
62
64
67
68
71
71
71
72
72
73
73
73
74
74
74
74
81
82
83
86
87
87
88
89
91
91
92
92
96
97
98
100
100
101
102
104
105
107
107
107
109
109
109
110
112
114
115
115
116
116
117
120
122
122
124
124
124
125
125
125
126
127
128
128
128
129
130
131
132
132
134
134
135
136
137
138
138
140
140
141
142
144
146
147
148
150
150
151
152
153
153
154
156
158
160
161
162
162
162
163
163
164
164
166
167
167
168
169
171
172
178
179
179
180
181
181
182
184
185
185
186
186
187
188
188
194
194
194
195
195
196
196
197
197
198
200
201
201
202
202
203
205
205
206
206
206
207
207
208
209
209
209
210
211
212
213
215
215
218
219
220
221
222
223
223
231
231
232
234
235
236
238
238
239
239
240
242
242
244
245
247
248
248
249
250
251
251
253
253
257
260
260
260
261
262
263
263
265
267
269
269
270
270
271
271
272
273
274
274
276
278
279
279
280
281
282
282
283
284
287
288
290
291
292
292
293
294
294
298
298
299
301
301
302
302
303
305
306
309
311
312
312
312
313
317
318
319
319
320
322
322
323
324
324
326
327
328
330
330
331
331
332
332
333
333
334
334
334
337
337
338
341
342
342
344
344
345
345
346
347
349
349
351
352
354
354
355
357
357
358
358
358
358
358
359
359
359
361
361
364
366
368
368
368
369
369
369
370
370
371
371
371
371
373
375
375
379
382
382
383
384
384
385
386
386
388
389
389
391
393
394
394
395
396
396
397
397
397
397
398
399
399
402
402
403
404
405
405
407
407
408
409
412
413
414
414
415
416
418
419
420
422
422
423
423
423
425
426
427
428
428
428
429
430
431
432
432
432
433
435
436
438
440
441
444
446
447
449
450
451
452
456
457
459
460
465
465
466
467
467
470
474
475
475
478
478
478
480
481
482
483
483
484
485
485
485
487
489
489
490
491
492
494
495
497
499
500
506
508
510
511
511
512
513
515
516
516
517
518
518
519
520
520
520
522
522
522
523
523
524
524
525
526
527
527
528
528
529
529
531
532
532
533
533
535
535
536
536
538
539
543
545
546
547
547
549
549
549
549
550
550
552
552
552
553
553
553
553
555
556
557
558
558
559
560
560
560
560
560
561
562
563
563
564
566
566
566
567
567
567
568
570
572
574
574
575
576
576
577
578
578
579
580
580
581
582
585
585
586
586
586
586
587
588
588
590
591
591
592
593
594
594
594
595
598
598
599
599
600
600
600
602
604
604
604
606
607
608
609
609
612
615
616
616
617
617
618
619
621
621
623
624
625
625
627
627
630
631
632
633
634
634
636
637
637
641
642
643
643
645
646
647
648
649
651
652
652
653
653
654
655
657
657
657
657
659
661
662
663
665
665
665
668
668
669
670
672
674
676
676
677
678
678
680
681
683
685
686
687
687
688
689
691
691
693
694
695
696
698
698
698
698
698
699
702
705
705
706
707
710
711
712
712
713
713
715
715
717
717
717
717
717
720
722
723
725
726
726
727
728
731
732
733
736
736
737
738
740
740
740
742
742
743
743
743
745
745
746
750
751
753
754
754
756
758
759
760
761
761
761
762
763
763
765
765
766
769
770
770
771
774
775
775
775
779
779
780
781
781
782
784
785
785
786
787
788
789
789
789
789
794
800
801
801
801
803
804
805
805
805
807
808
810
810
811
811
814
814
815
815
815
817
818
819
821
821
823
824
825
826
828
830
831
833
833
833
834
834
835
835
836
836
836
838
838
838
838
838
839
840
840
841
841
843
843
844
845
846
848
849
849
849
850
850
852
854
855
857
858
858
858
858
859
861
861
862
862
864
865
866
868
868
868
869
870
871
871
872
873
874
874
874
876
877
881
882
883
885
886
887
887
887
887
888
890
890
891
896
896
902
902
903
903
904
905
907
907
907
913
917
917
918
918
919
919
921
922
924
925
925
925
926
926
928
928
930
930
931
931
931
932
934
935
936
937
937
940
941
941
942
942
943
943
944
944
946
946
948
948
949
950
950
953
954
955
958
958
959
959
959
960
961
964
966
967
968
969
970
973
973
974
974
975
976
976
976
978
978
978
979
979
981
984
985
986
986
988
988
990
991
991
991
992
992
993
994
995
995
997
