132
206
973
643
869
723
765
485
845
805
366
89
695
130
552
56
238
838
210
937
775
5
546
578
680
683
804
341
545
337
309
29
896
282
672
117
5
789
602
202
594
320
292
641
451
196
698
41
386
260
978
162
617
525
92
649
560
248
991
457
585
652
838
833
934
862
950
291
651
553
846
245
873
490
887
676
686
937
717
425
549
48
587
166
925
31
815
485
279
158
294
864
810
132
698
96
994
0
740
645
553
586
242
779
428
129
807
466
418
877
891
967
925
478
485
850
861
653
687
140
811
981
357
974
465
407
422
459
407
162
104
313
100
698
444
528
180
251
995
598
128
886
918
405
717
403
607
578
56
294
71
220
627
428
194
92
835
616
903
594
131
359
907
231
58
351
112
238
955
107
836
435
345
754
841
414
510
800
993
566
447
416
786
74
844
332
519
31
301
422
625
432
782
885
663
840
588
127
430
543
234
618
331
932
725
524
346
235
324
691
801
771
107
940
198
303
624
717
334
925
491
312
357
273
549
373
465
137
500
247
33
87
866
364
371
591
888
717
826
212
761
979
984
868
271
182
172
896
251
858
821
742
522
531
368
71
904
185
209
756
433
242
195
299
606
566
890
494
284
68
58
397
47
394
265
319
928
789
567
179
0
740
274
522
271
642
594
527
179
803
636
612
397
831
263
3
398
153
849
34
221
907
431
621
654
48
292
582
838
859
114
838
599
388
712
223
382
306
102
561
109
738
526
506
570
789
861
968
943
62
354
516
322
785
489
976
833
781
558
23
992
24
213
944
412
926
167
146
232
269
60
694
8
586
552
930
375
414
250
670
828
604
539
150
389
28
478
574
162
389
598
154
413
811
98
178
737
617
324
322
239
384
16
599
970
568
529
698
334
779
368
163
383
907
665
124
288
144
698
450
533
648
604
946
460
55
124
549
24
801
871
263
185
887
862
508
808
743
206
142
874
574
657
257
834
323
733
122
467
784
572
0
432
528
298
244
935
775
794
960
576
665
223
761
905
438
269
713
181
475
207
408
402
865
665
236
188
751
358
7
535
282
359
319
810
657
564
746
432
358
706
8
375
281
122
280
71
391
345
253
219
553
661
621
770
678
209
958
781
567
317
668
849
676
988
11
333
552
109
766
262
815
126
637
449
248
270
520
992
615
125
563
520
138
184
290
169
745
600
950
312
917
619
513
593
959
876
279
511
986
397
125
153
523
762
954
124
384
475
116
352
600
31
872
91
215
515
260
312
467
562
976
385
533
841
330
492
717
609
355
55
6
480
209
882
595
163
358
979
990
474
331
943
857
556
34
72
423
646
736
890
208
712
627
742
553
958
586
270
919
942
678
926
774
239
160
369
754
518
349
745
344
32
688
201
588
74
625
11
720
361
902
928
73
529
22
978
839
609
600
759
903
278
37
677
517
549
47
272
67
396
369
763
780
409
964
369
483
941
732
555
302
986
835
727
516
858
57
707
819
657
818
722
936
855
399
805
404
446
429
823
194
150
586
327
559
902
696
394
195
428
949
849
415
785
576
283
995
985
342
814
643
161
536
931
368
287
88
125
86
518
948
632
668
887
959
580
141
655
974
337
436
924
186
203
61
115
838
56
100
532
222
743
693
758
26
62
397
115
187
483
633
487
116
653
726
427
585
868
83
560
205
871
836
743
426
249
858
616
305
959
148
527
54
194
637
81
608
386
196
147
870
181
634
338
834
361
765
420
581
200
332
138
423
520
881
201
769
740
817
74
699
318
953
105
512
942
186
120
328
382
267
550
563
253
240
750
966
358
522
547
558
206
685
334
726
567
535
495
659
705
921
710
23
874
815
887
168
2
359
848
736
978
399
652
231
991
402
550
349
276
97
260
482
135
946
560
54
481
55
713
538
976
423
913
202
590
152
370
944
511
218
681
489
969
333
73
961
87
623
662
715
72
922
197
207
868
109
261
702
164
326
592
140
101
858
342
44
10
64
988
874
634
669
715
604
354
788
917
441
763
931
156
836
854
705
395
74
814
9
128
330
687
73
470
789
931
164
833
293
580
821
167
215
843
883
171
197
23
440
991
787
371
499
975
577
205
370
4
371
731
484
54
419
557
524
560
840
41
393
134
973
566
301
188
761
536
711
311
560
151
302
347
523
801
674
452
358
396
456
82
128
941
136
547
850
12
107
691
405
852
825
379
770
478
919
532
15
631
843
575
134
497
274
657
298
948
110
9
344
918
91
824
211
579
371
62
591
830
753
997
34
930
728
805
760
647
689
775
630
