0
2
3
4
5
6
7
8
9
10
11
12
15
16
22
23
24
26
28
29
31
32
33
34
37
41
44
47
48
54
55
56
57
58
60
61
62
64
67
68
71
72
73
74
81
82
83
86
87
88
89
91
92
96
97
98
100
101
102
104
105
107
109
110
112
114
115
116
117
120
122
124
125
126
127
128
129
130
131
132
134
135
136
137
138
140
141
142
144
146
147
148
150
151
152
153
154
156
158
160
161
162
163
164
166
167
168
169
171
172
178
179
180
181
182
184
185
186
187
188
194
195
196
197
198
200
201
202
203
205
206
207
208
209
210
211
212
213
215
218
219
220
221
222
223
231
232
234
235
236
238
239
240
242
244
245
247
248
249
250
251
253
257
260
261
262
263
265
267
269
270
271
272
273
274
276
278
279
280
281
282
283
284
287
288
290
291
292
293
294
298
299
301
302
303
305
306
309
311
312
313
317
318
319
320
322
323
324
326
327
328
330
331
332
333
334
337
338
341
342
344
345
346
347
349
351
352
354
355
357
358
359
361
364
366
368
369
370
371
373
375
379
382
383
384
385
386
388
389
391
393
394
395
396
397
398
399
402
403
404
405
407
408
409
412
413
414
415
416
418
419
420
422
423
425
426
427
428
429
430
431
432
433
435
436
438
440
441
444
446
447
449
450
451
452
456
457
459
460
465
466
467
470
474
475
478
480
481
482
483
484
485
487
489
490
491
492
494
495
497
499
500
506
508
510
511
512
513
515
516
517
518
519
520
522
523
524
525
526
527
528
529
531
532
533
535
536
538
539
543
545
546
547
549
550
552
553
555
556
557
558
559
560
561
562
563
564
566
567
568
570
572
574
575
576
577
578
579
580
581
582
585
586
587
588
590
591
592
593
594
595
598
599
600
602
604
606
607
608
609
612
615
616
617
618
619
621
623
624
625
627
630
631
632
633
634
636
637
641
642
643
645
646
647
648
649
651
652
653
654
655
657
659
661
662
663
665
668
669
670
672
674
676
677
678
680
681
683
685
686
687
688
689
691
693
694
695
696
698
699
702
705
706
707
710
711
712
713
715
717
720
722
723
725
726
727
728
731
732
733
736
737
738
740
742
743
745
746
750
751
753
754
756
758
759
760
761
762
763
765
766
769
770
771
774
775
779
780
781
782
784
785
786
787
788
789
794
800
801
803
804
805
807
808
810
811
814
815
817
818
819
821
823
824
825
826
828
830
831
833
834
835
836
838
839
840
841
843
844
845
846
848
849
850
852
854
855
857
858
859
861
862
864
865
866
868
869
870
871
872
873
874
876
877
881
882
883
885
886
887
888
890
891
896
902
903
904
905
907
913
917
918
919
921
922
924
925
926
928
930
931
932
934
935
936
937
940
941
942
943
944
946
948
949
950
953
954
955
958
959
960
961
964
966
967
968
969
970
973
974
975
976
978
979
981
984
985
986
988
990
991
992
993
994
995
997
0
2
3
4
5
6
7
8
9
10
11
12
15
16
22
23
24
26
28
29
31
32
33
34
37
41
44
47
48
54
55
56
57
58
60
61
62
64
67
68
71
72
73
74
81
82
83
86
87
88
89
91
92
96
97
98
100
101
102
104
105
107
109
110
112
114
115
116
117
120
122
124
125
126
127
128
129
130
131
132
134
135
136
137
138
140
141
142
144
146
147
148
150
151
152
153
154
156
158
160
161
162
163
164
166
167
168
169
171
172
178
179
180
181
182
184
185
186
187
188
194
195
196
197
198
200
201
202
203
205
206
207
208
209
210
211
212
213
215
218
219
220
221
222
223
231
232
234
235
236
238
239
240
242
244
245
247
248
249
250
251
253
257
260
261
262
263
265
267
269
270
271
272
273
274
276
278
279
280
281
282
283
284
287
288
290
291
292
293
294
298
299
301
302
303
305
306
309
311
312
313
317
318
319
320
322
323
324
326
327
328
330
331
332
333
334
337
338
341
342
344
345
346
347
349
351
352
354
355
357
358
359
361
364
366
368
369
370
371
373
375
379
382
383
384
385
386
388
389
391
393
394
395
396
397
398
399
402
403
404
405
407
408
409
412
413
414
415
416
418
419
420
422
423
425
426
427
428
429
430
431
432
433
435
436
438
440
441
444
446
447
449
450
451
452
456
457
459
460
465
466
467
470
474
475
478
480
481
482
483
484
485
487
489
490
491
492
494
495
497
499
500
506
508
510
511
512
513
515
516
517
518
519
520
522
523
524
525
526
527
528
529
531
532
533
535
536
538
539
543
545
546
547
549
550
552
553
555
556
557
558
559
560
561
562
563
564
566
567
568
570
572
574
575
576
577
578
579
580
581
582
585
586
587
588
590
591
592
593
594
595
598
599
600
602
604
606
607
608
609
612
615
616
617
618
619
621
623
624
625
627
630
631
632
633
634
636
637
641
642
643
645
646
647
648
649
651
652
653
654
655
657
659
661
662
663
665
668
669
670
672
674
676
677
678
680
681
683
685
686
687
688
689
691
693
694
695
696
698
699
702
705
706
707
710
711
712
713
715
717
720
722
723
725
726
727
728
731
732
733
736
737
738
740
742
743
745
746
750
751
753
754
756
758
759
760
761
762
763
765
766
769
770
771
774
775
779
780
781
782
784
785
786
787
788
789
794
800
801
803
804
805
807
808
810
811
814
815
817
818
819
821
823
824
825
826
828
830
831
833
834
835
836
838
839
840
841
843
844
845
846
848
849
850
852
854
855
857
858
859
861
862
864
865
866
868
869
870
871
872
873
874
876
877
881
882
883
885
886
887
888
890
891
896
902
903
904
905
907
913
917
918
919
921
922
924
925
926
928
930
931
932
934
935
936
937
940
941
942
943
944
946
948
949
950
953
954
955
958
959
960
961
964
966
967
968
969
970
973
974
975
976
978
979
981
984
985
986
988
990
991
992
993
994
995
997
