215
972
146
970
406
937
984
892
847
264
721
207
726
507
474
302
912
784
616
809
48
561
391
293
774
960
502
789
143
240
428
711
212
926
33
970
216
17
862
63
633
583
271
359
90
97
13
2
233
981
164
633
542
555
927
316
867
429
457
362
21
886
73
233
812
458
555
28
475
418
444
108
1
67
819
444
164
832
798
749
813
962
382
356
869
309
24
736
90
482
99
111
720
524
696
884
983
252
265
810
670
709
271
23
776
90
819
292
275
618
41
88
932
423
796
802
85
173
538
175
7
989
639
727
866
335
611
849
587
876
659
609
937
930
985
65
373
804
709
648
422
102
88
355
878
237
509
963
762
399
490
769
389
129
848
255
465
459
456
404
688
467
14
977
750
999
43
123
803
104
123
578
207
211
285
85
800
794
400
562
193
890
331
934
20
179
541
485
991
349
241
31
817
255
360
567
606
403
42
762
860
165
340
67
728
977
504
529
123
904
91
668
794
775
603
166
306
496
3
649
846
245
32
663
500
393
582
459
148
624
221
8
789
913
427
517
890
931
398
13
835
842
33
982
969
988
148
275
485
152
277
683
397
309
346
249
702
280
708
851
904
281
211
45
194
639
914
436
570
313
449
758
507
835
740
476
823
240
103
308
744
380
343
141
690
41
743
744
321
803
947
225
85
511
270
279
150
185
716
72
850
517
830
357
352
922
833
528
515
288
188
259
669
532
753
711
573
496
807
895
651
755
472
736
618
743
368
768
280
84
840
482
953
23
839
658
297
24
186
812
312
374
72
981
258
177
44
832
25
852
727
676
959
199
413
577
294
781
345
926
217
537
408
522
560
247
180
858
623
718
22
936
445
94
269
703
623
314
535
648
518
614
325
477
166
738
54
812
871
751
739
440
640
147
962
553
747
143
763
370
213
785
658
658
232
928
714
855
594
249
504
112
216
829
589
382
919
995
194
142
98
285
582
90
433
544
643
532
39
406
254
253
544
913
263
776
193
977
631
787
579
487
899
147
668
840
881
939
187
75
81
285
713
663
375
498
560
371
30
599
777
284
204
673
549
820
449
742
149
433
529
80
272
780
227
941
620
108
880
807
536
962
444
249
977
172
747
537
543
777
489
672
413
693
346
315
865
147
57
15
580
939
95
853
719
323
146
692
783
26
851
319
340
296
568
670
820
315
559
715
444
48
387
210
94
85
525
959
233
934
974
165
225
422
18
297
745
164
989
880
543
192
200
235
488
768
905
660
436
465
375
232
865
115
794
959
200
319
919
785
606
245
951
831
667
321
128
764
838
469
645
381
662
197
968
502
965
226
163
753
43
890
338
908
5
132
868
558
804
139
343
410
384
294
593
404
616
722
520
806
543
165
539
205
362
507
708
680
733
223
785
128
113
123
37
119
608
257
677
412
396
372
174
132
19
767
888
635
841
409
793
385
574
332
942
289
839
650
321
925
873
458
53
339
582
442
810
542
699
839
954
447
211
480
932
230
599
820
217
441
229
10
178
156
342
120
797
534
123
118
811
348
576
216
687
510
659
497
52
710
336
358
158
548
838
90
130
790
910
348
231
492
710
761
648
405
881
445
939
4
915
102
353
491
318
40
354
329
890
758
40
226
117
550
126
307
992
257
97
254
957
680
746
667
441
746
72
323
543
363
679
458
465
384
302
136
777
656
465
667
414
857
893
883
759
372
543
751
981
640
6
938
673
104
957
114
203
382
789
746
97
469
205
563
205
859
51
982
515
868
649
281
78
895
165
837
267
708
941
600
700
299
538
373
403
847
840
606
229
629
705
327
450
262
242
656
121
645
638
636
513
640
917
591
535
434
781
154
142
722
106
195
21
996
568
776
843
408
735
425
390
440
104
840
702
698
848
823
343
839
811
208
479
80
152
366
515
933
872
9
655
978
204
28
974
773
804
817
533
891
594
923
331
698
116
385
396
964
560
739
803
371
948
282
804
100
0
319
385
872
328
392
850
885
420
824
10
576
994
543
468
588
467
151
287
583
537
35
899
97
775
703
821
75
337
625
527
338
296
264
210
976
656
413
861
76
237
871
4
231
767
472
172
586
624
459
521
513
494
420
962
621
475
783
48
813
760
927
503
56
191
713
385
847
126
598
275
716
470
280
299
237
104
471
175
80
282
696
593
129
116
556
102
592
691
151
757
452
430
260
860
622
973
597
821
452
196
97
520
666
729
819
255
833
291
782
914
573
478
507
702
594
415
805
538
107
308
295
911
738
555
123
712
881
721
534
685
917
631
205
