343
798
613
868
750
90
795
845
160
519
653
530
780
187
870
470
12
821
446
324
110
137
483
430
906
338
858
361
542
164
510
886
962
123
754
712
565
901
910
725
773
915
607
553
102
477
23
466
651
821
790
761
959
625
543
217
963
401
578
506
917
89
392
880
212
498
944
778
752
854
855
525
769
463
78
223
292
454
689
943
275
832
704
234
457
600
451
773
1
30
279
271
119
23
151
683
873
447
461
625
654
669
150
775
484
581
999
776
35
40
720
310
872
776
545
682
376
996
455
730
378
86
1
497
461
504
533
334
303
346
312
957
15
462
733
499
395
84
628
430
124
700
741
997
828
638
679
205
986
486
287
365
572
640
214
33
496
747
719
799
94
31
757
461
846
490
313
241
574
941
672
50
993
765
47
821
755
78
378
741
916
665
458
488
657
673
873
153
772
593
953
218
624
62
32
822
552
345
64
478
638
88
528
631
205
928
452
960
358
831
53
275
848
512
115
506
537
341
11
309
934
964
880
910
26
912
85
930
609
149
760
247
589
641
230
794
569
682
754
279
865
807
906
66
671
22
572
208
715
583
870
649
900
750
911
926
662
996
209
271
497
969
870
86
610
100
880
531
134
986
811
352
146
69
418
817
91
990
26
158
925
248
807
825
998
71
104
12
419
313
635
269
634
505
355
597
957
588
128
91
574
291
443
72
361
861
890
804
203
268
963
129
516
122
306
866
545
762
878
317
75
513
586
62
18
941
659
327
529
139
418
456
431
214
528
144
427
770
300
631
390
263
112
258
738
418
124
635
181
2
952
608
867
538
22
237
480
681
564
361
173
335
169
956
549
698
100
976
820
752
959
211
368
71
469
106
842
946
741
375
948
46
983
168
584
358
405
416
391
970
130
564
305
299
520
206
349
972
182
170
725
142
733
93
565
554
551
407
500
292
782
801
690
118
969
275
476
374
691
867
696
821
784
1
473
304
559
822
277
742
992
354
236
77
447
153
632
998
561
132
642
695
933
333
813
902
608
641
629
651
861
325
825
645
679
298
949
238
120
578
332
465
932
568
542
731
74
526
729
635
659
372
682
592
57
848
847
17
489
476
668
702
801
845
347
480
143
649
71
616
579
403
433
512
324
975
595
398
854
325
385
513
49
67
457
106
915
656
475
757
132
143
459
286
989
159
118
484
160
189
452
739
593
885
603
917
213
199
667
67
876
52
580
925
119
389
383
387
46
858
496
530
353
307
816
694
818
287
179
978
828
631
718
421
869
321
690
82
872
357
149
748
761
81
673
233
470
408
620
868
266
468
399
972
127
567
666
946
854
197
924
683
829
994
456
50
668
147
132
540
856
281
289
618
714
314
851
184
723
823
53
341
643
804
313
770
371
980
716
226
529
993
261
358
987
717
408
655
216
892
548
73
525
837
43
239
503
246
776
578
69
181
272
64
985
585
834
356
917
903
934
447
896
195
157
235
913
918
243
129
810
791
554
336
980
597
927
483
843
703
414
264
884
686
328
869
623
515
226
893
418
160
692
666
356
849
901
621
119
496
750
282
287
305
970
267
254
897
103
98
953
517
714
837
555
395
707
178
262
285
71
680
797
115
698
505
965
951
126
436
448
229
70
87
886
40
707
140
290
810
590
243
679
305
80
234
52
139
764
314
776
188
346
926
303
44
431
620
347
910
409
147
491
479
235
377
872
942
517
162
104
108
757
783
765
837
369
817
329
485
483
457
25
829
383
329
225
167
301
924
77
62
72
920
542
307
297
414
601
166
928
705
274
685
488
391
874
209
560
203
694
43
661
720
224
396
401
801
563
54
726
992
117
798
912
11
457
561
425
58
728
705
763
354
390
603
746
264
164
658
820
858
702
833
930
278
229
683
80
793
90
806
785
559
956
50
570
413
611
347
823
339
52
938
694
794
541
792
410
705
450
230
915
504
415
198
135
645
233
215
790
323
373
927
882
329
977
804
94
589
151
917
280
555
207
326
349
100
118
760
157
921
342
424
777
758
622
912
755
856
127
545
531
852
472
766
181
802
570
627
391
74
896
23
629
103
350
979
203
820
91
360
741
433
785
871
191
759
783
946
967
263
843
499
115
668
617
649
470
539
276
213
613
173
236
243
276
586
574
832
759
665
192
500
450
329
723
642
user@debian:~/Bureau/IN301/TD/TD 01$ sort -n nombres_tries.data
user@debian:~/Bureau/IN301/TD/TD 01$ sort -n nombres_tries.data
user@debian:~/Bureau/IN301/TD/TD 01$ man uniq
user@debian:~/Bureau/IN301/TD/TD 01$ uniq monfichier >> nombres_tries.data 
user@debian:~/Bureau/IN301/TD/TD 01$ nombres_tries.data
bash: nombres_tries.data : commande introuvable
user@debian:~/Bureau/IN301/TD/TD 01$ cat nombres_tries.data
215
972
146
970
406
937
984
892
847
264
721
207
726
507
474
302
912
784
616
809
48
561
391
293
774
960
502
789
143
240
428
711
212
926
33
970
216
17
862
63
633
583
271
359
90
97
13
2
233
981
164
633
542
555
927
316
867
429
457
362
21
886
73
233
812
458
555
28
475
418
444
108
1
67
819
444
164
832
798
749
813
962
382
356
869
309
24
736
90
482
99
111
720
524
696
884
983
252
265
810
670
709
271
23
776
90
819
292
275
618
41
88
932
423
796
802
85
173
538
175
7
989
639
727
866
335
611
849
587
876
659
609
937
930
985
65
373
804
709
648
422
102
88
355
878
237
509
963
762
399
490
769
389
129
848
255
465
459
456
404
688
467
14
977
750
999
43
123
803
104
123
578
207
211
285
85
800
794
400
562
193
890
331
934
20
179
541
485
991
349
241
31
817
255
360
567
606
403
42
762
860
165
340
67
728
977
504
529
123
904
91
668
794
775
603
166
306
496
3
649
846
245
32
663
500
393
582
459
148
624
221
8
789
913
427
517
890
931
398
13
835
842
33
982
969
988
148
275
485
152
277
683
397
309
346
249
702
280
708
851
904
281
211
45
194
639
914
436
570
313
449
758
507
835
740
476
823
240
103
308
744
380
343
141
690
41
743
744
321
803
947
225
85
511
270
279
150
185
716
72
850
517
830
357
352
922
833
528
515
288
188
259
669
532
753
711
573
496
807
895
651
755
472
736
618
743
368
768
280
84
840
482
953
23
839
658
297
24
186
812
312
374
72
981
258
177
44
832
25
852
727
676
959
199
413
577
294
781
345
926
217
537
408
522
560
247
180
858
623
718
22
936
445
94
269
703
623
314
535
648
518
614
325
477
166
738
54
812
871
751
739
440
640
147
962
553
747
143
763
370
213
785
658
232
928
714
855
594
249
504
112
216
829
589
382
919
995
194
142
98
285
582
90
433
544
643
532
39
406
254
253
544
913
263
776
193
977
631
787
579
487
899
147
668
840
881
939
187
75
81
285
713
663
375
498
560
371
30
599
777
284
204
673
549
820
449
742
149
433
529
80
272
780
227
941
620
108
880
807
536
962
444
249
977
172
747
537
543
777
489
672
413
693
346
315
865
147
57
15
580
939
95
853
719
323
146
692
783
26
851
319
340
296
568
670
820
315
559
715
444
48
387
210
94
85
525
959
233
934
974
165
225
422
18
297
745
164
989
880
543
192
200
235
488
768
905
660
436
465
375
232
865
115
794
959
200
319
919
785
606
245
951
831
667
321
128
764
838
469
645
381
662
197
968
502
965
226
163
753
43
890
338
908
5
132
868
558
804
139
343
410
384
294
593
404
616
722
520
806
543
165
539
205
362
507
708
680
733
223
785
128
113
123
37
119
608
257
677
412
396
372
174
132
19
767
888
635
841
409
793
385
574
332
942
289
839
650
321
925
873
458
53
339
582
442
810
542
699
839
954
447
211
480
932
230
599
820
217
441
229
10
178
156
342
120
797
534
123
118
811
348
576
216
687
510
659
497
52
710
336
358
158
548
838
90
130
790
910
348
231
492
710
761
648
405
881
445
939
4
915
102
353
491
318
40
354
329
890
758
40
226
117
550
126
307
992
257
97
254
957
680
746
667
441
746
72
323
543
363
679
458
465
384
302
136
777
656
465
667
414
857
893
883
759
372
543
751
981
640
6
938
673
104
957
114
203
382
789
746
97
469
205
563
205
859
51
982
515
868
649
281
78
895
165
837
267
708
941
600
700
299
538
373
403
847
840
606
229
629
705
327
450
262
242
656
121
645
638
636
513
640
917
591
535
434
781
154
142
722
106
195
21
996
568
776
843
408
735
425
390
440
104
840
702
698
848
823
343
839
811
208
479
80
152
366
515
933
872
9
655
978
204
28
974
773
804
817
533
891
594
923
331
698
116
385
396
964
560
739
803
371
948
282
804
100
0
319
385
872
328
392
850
885
420
824
10
576
994
543
468
588
467
151
287
583
537
35
899
97
775
703
821
75
337
625
527
338
296
264
210
976
656
413
861
76
237
871
4
231
767
472
172
586
624
459
521
513
494
420
962
621
475
783
48
813
760
927
503
56
191
713
385
847
126
598
275
716
470
280
299
237
104
471
175
80
282
696
593
129
116
556
102
592
691
151
757
452
430
260
860
622
973
597
821
452
196
97
520
666
729
819
255
833
291
782
914
573
478
507
702
594
415
805
538
107
308
295
911
738
555
123
712
881
721
534
685
917
631
205
user@debian:~/Bureau/IN301/TD/TD 01$ sort -n nombres_tries.data
0
1
2
3
4
4
5
6
7
8
9
10
10
13
13
14
15
17
18
19
20
21
21
22
23
23
24
24
25
26
28
28
30
31
32
33
33
35
37
39
40
40
41
41
42
43
43
44
45
48
48
48
51
52
53
54
56
57
63
65
67
67
72
72
72
73
75
75
76
78
80
80
80
81
84
85
85
85
85
88
88
90
90
90
90
90
91
94
94
95
97
97
97
97
97
98
99
100
102
102
102
103
104
104
104
104
106
107
108
108
111
112
113
114
115
116
116
117
118
119
120
121
123
123
123
123
123
123
126
126
128
128
129
129
130
132
132
136
139
141
142
142
143
143
146
146
147
147
147
148
148
149
150
151
151
152
152
154
156
158
163
164
164
164
165
165
165
165
166
166
172
172
173
174
175
175
177
178
179
180
185
186
187
188
191
192
193
193
194
194
195
196
197
199
200
200
203
204
204
205
205
205
205
207
207
208
210
210
211
211
211
212
213
215
216
216
216
217
217
221
223
225
225
226
226
227
229
229
230
231
231
232
232
233
233
233
235
237
237
237
240
240
241
242
245
245
247
249
249
249
252
253
254
254
255
255
255
257
257
258
259
260
262
263
264
264
265
267
269
270
271
271
272
275
275
275
277
279
280
280
280
281
281
282
282
284
285
285
285
287
288
289
291
292
293
294
294
295
296
296
297
297
299
299
302
302
306
307
308
308
309
309
312
313
314
315
315
316
318
319
319
319
321
321
321
323
323
325
327
328
329
331
331
332
335
336
337
338
338
339
340
340
342
343
343
343
345
346
346
348
348
349
352
353
354
355
356
357
358
359
360
362
362
363
366
368
370
371
371
372
372
373
373
374
375
375
380
381
382
382
382
384
384
385
385
385
385
387
389
390
391
392
393
396
396
397
398
399
400
403
403
404
404
405
406
406
408
408
409
410
412
413
413
413
414
415
418
420
420
422
422
423
425
427
428
429
430
433
433
434
436
436
440
440
441
441
442
444
444
444
444
445
445
447
449
449
450
452
452
456
457
458
458
458
459
459
459
465
465
465
465
467
467
468
469
469
470
471
472
472
474
475
475
476
477
478
479
480
482
482
485
485
487
488
489
490
491
492
494
496
496
497
498
500
502
502
503
504
504
507
507
507
507
509
510
511
513
513
515
515
515
517
517
518
520
520
521
522
524
525
527
528
529
529
532
532
533
534
534
535
535
536
537
537
537
538
538
538
539
541
542
542
543
543
543
543
543
543
544
544
548
549
550
553
555
555
555
556
558
559
560
560
560
561
562
563
567
568
568
570
573
573
574
576
576
577
578
579
580
582
582
582
583
583
586
587
588
589
591
592
593
593
594
594
594
597
598
599
599
600
603
606
606
606
608
609
611
614
616
616
618
618
620
621
622
623
623
624
624
625
629
631
631
633
633
635
636
638
639
639
640
640
640
643
645
645
648
648
648
649
649
650
651
655
656
656
656
658
658
659
659
660
662
663
663
666
667
667
667
668
668
669
670
670
672
673
673
676
677
679
680
680
683
685
687
688
690
691
692
693
696
696
698
698
699
700
702
702
702
703
703
705
708
708
708
709
709
710
710
711
711
712
713
713
714
715
716
716
718
719
720
721
721
722
722
726
727
727
728
729
733
735
736
736
738
738
739
739
740
742
743
743
744
744
745
746
746
746
747
747
749
750
751
751
753
753
755
757
758
758
759
760
761
762
762
763
764
767
767
768
768
769
773
774
775
775
776
776
776
777
777
777
780
781
781
782
783
783
784
785
785
785
787
789
789
789
790
793
794
794
794
796
797
798
800
802
803
803
803
804
804
804
804
805
806
807
807
809
810
810
811
811
812
812
812
813
813
817
817
819
819
819
820
820
820
821
821
823
823
824
829
830
831
832
832
833
833
835
835
837
838
838
839
839
839
839
840
840
840
840
841
842
843
846
847
847
847
848
848
849
850
850
851
851
852
853
855
857
858
859
860
860
861
862
865
865
866
867
868
868
869
871
871
872
872
873
876
878
880
880
881
881
881
883
884
885
886
888
890
890
890
890
891
892
893
895
895
899
899
904
904
905
908
910
911
912
913
913
914
914
915
917
917
919
919
922
923
925
926
926
927
927
928
930
931
932
932
933
934
934
936
937
937
938
939
939
939
941
941
942
947
948
951
953
954
957
957
959
959
959
960
962
962
962
962
963
964
965
968
969
970
970
972
973
974
974
976
977
977
977
977
978
981
981
981
982
982
983
984
985
988
989
989
991
992
994
995
996
999
user@debian:~/Bureau/IN301/TD/TD 01$ sort -n nombres_tries.data
0
1
2
3
4
4
5
6
7
8
9
10
10
13
13
14
15
17
18
19
20
21
21
22
23
23
24
24
25
26
28
28
30
31
32
33
33
35
37
39
40
40
41
41
42
43
43
44
45
48
48
48
51
52
53
54
56
57
63
65
67
67
72
72
72
73
75
75
76
78
80
80
80
81
84
85
85
85
85
88
88
90
90
90
90
90
91
94
94
95
97
97
97
97
97
98
99
100
102
102
102
103
104
104
104
104
106
107
108
108
111
112
113
114
115
116
116
117
118
119
120
121
123
123
123
123
123
123
126
126
128
128
129
129
130
132
132
136
139
141
142
142
143
143
146
146
147
147
147
148
148
149
150
151
151
152
152
154
156
158
163
164
164
164
165
165
165
165
166
166
172
172
173
174
175
175
177
178
179
180
185
186
187
188
191
192
193
193
194
194
195
196
197
199
200
200
203
204
204
205
205
205
205
207
207
208
210
210
211
211
211
212
213
215
216
216
216
217
217
221
223
225
225
226
226
227
229
229
230
231
231
232
232
233
233
233
235
237
237
237
240
240
241
242
245
245
247
249
249
249
252
253
254
254
255
255
255
257
257
258
259
260
262
263
264
264
265
267
269
270
271
271
272
275
275
275
277
279
280
280
280
281
281
282
282
284
285
285
285
287
288
289
291
292
293
294
294
295
296
296
297
297
299
299
302
302
306
307
308
308
309
309
312
313
314
315
315
316
318
319
319
319
321
321
321
323
323
325
327
328
329
331
331
332
335
336
337
338
338
339
340
340
342
343
343
343
345
346
346
348
348
349
352
353
354
355
356
357
358
359
360
362
362
363
366
368
370
371
371
372
372
373
373
374
375
375
380
381
382
382
382
384
384
385
385
385
385
387
389
390
391
392
393
396
396
397
398
399
400
403
403
404
404
405
406
406
408
408
409
410
412
413
413
413
414
415
418
420
420
422
422
423
425
427
428
429
430
433
433
434
436
436
440
440
441
441
442
444
444
444
444
445
445
447
449
449
450
452
452
456
457
458
458
458
459
459
459
465
465
465
465
467
467
468
469
469
470
471
472
472
474
475
475
476
477
478
479
480
482
482
485
485
487
488
489
490
491
492
494
496
496
497
498
500
502
502
503
504
504
507
507
507
507
509
510
511
513
513
515
515
515
517
517
518
520
520
521
522
524
525
527
528
529
529
532
532
533
534
534
535
535
536
537
537
537
538
538
538
539
541
542
542
543
543
543
543
543
543
544
544
548
549
550
553
555
555
555
556
558
559
560
560
560
561
562
563
567
568
568
570
573
573
574
576
576
577
578
579
580
582
582
582
583
583
586
587
588
589
591
592
593
593
594
594
594
597
598
599
599
600
603
606
606
606
608
609
611
614
616
616
618
618
620
621
622
623
623
624
624
625
629
631
631
633
633
635
636
638
639
639
640
640
640
643
645
645
648
648
648
649
649
650
651
655
656
656
656
658
658
659
659
660
662
663
663
666
667
667
667
668
668
669
670
670
672
673
673
676
677
679
680
680
683
685
687
688
690
691
692
693
696
696
698
698
699
700
702
702
702
703
703
705
708
708
708
709
709
710
710
711
711
712
713
713
714
715
716
716
718
719
720
721
721
722
722
726
727
727
728
729
733
735
736
736
738
738
739
739
740
742
743
743
744
744
745
746
746
746
747
747
749
750
751
751
753
753
755
757
758
758
759
760
761
762
762
763
764
767
767
768
768
769
773
774
775
775
776
776
776
777
777
777
780
781
781
782
783
783
784
785
785
785
787
789
789
789
790
793
794
794
794
796
797
798
800
802
803
803
803
804
804
804
804
805
806
807
807
809
810
810
811
811
812
812
812
813
813
817
817
819
819
819
820
820
820
821
821
823
823
824
829
830
831
832
832
833
833
835
835
837
838
838
839
839
839
839
840
840
840
840
841
842
843
846
847
847
847
848
848
849
850
850
851
851
852
853
855
857
858
859
860
860
861
862
865
865
866
867
868
868
869
871
871
872
872
873
876
878
880
880
881
881
881
883
884
885
886
888
890
890
890
890
891
892
893
895
895
899
899
904
904
905
908
910
911
912
913
913
914
914
915
917
917
919
919
922
923
925
926
926
927
927
928
930
931
932
932
933
934
934
936
937
937
938
939
939
939
941
941
942
947
948
951
953
954
957
957
959
959
959
960
962
962
962
962
963
964
965
968
969
970
970
972
973
974
974
976
977
977
977
977
978
981
981
981
982
982
983
984
985
988
989
989
991
992
994
995
996
999
user@debian:~/Bureau/IN301/TD/TD 01$ cat nombres_tries.data
215
972
146
970
406
937
984
892
847
264
721
207
726
507
474
302
912
784
616
809
48
561
391
293
774
960
502
789
143
240
428
711
212
926
33
970
216
17
862
63
633
583
271
359
90
97
13
2
233
981
164
633
542
555
927
316
867
429
457
362
21
886
73
233
812
458
555
28
475
418
444
108
1
67
819
444
164
832
798
749
813
962
382
356
869
309
24
736
90
482
99
111
720
524
696
884
983
252
265
810
670
709
271
23
776
90
819
292
275
618
41
88
932
423
796
802
85
173
538
175
7
989
639
727
866
335
611
849
587
876
659
609
937
930
985
65
373
804
709
648
422
102
88
355
878
237
509
963
762
399
490
769
389
129
848
255
465
459
456
404
688
467
14
977
750
999
43
123
803
104
123
578
207
211
285
85
800
794
400
562
193
890
331
934
20
179
541
485
991
349
241
31
817
255
360
567
606
403
42
762
860
165
340
67
728
977
504
529
123
904
91
668
794
775
603
166
306
496
3
649
846
245
32
663
500
393
582
459
148
624
221
8
789
913
427
517
890
931
398
13
835
842
33
982
969
988
148
275
485
152
277
683
397
309
346
249
702
280
708
851
904
281
211
45
194
639
914
436
570
313
449
758
507
835
740
476
823
240
103
308
744
380
343
141
690
41
743
744
321
803
947
225
85
511
270
279
150
185
716
72
850
517
830
357
352
922
833
528
515
288
188
259
669
532
753
711
573
496
807
895
651
755
472
736
618
743
368
768
280
84
840
482
953
23
839
658
297
24
186
812
312
374
72
981
258
177
44
832
25
852
727
676
959
199
413
577
294
781
345
926
217
537
408
522
560
247
180
858
623
718
22
936
445
94
269
703
623
314
535
648
518
614
325
477
166
738
54
812
871
751
739
440
640
147
962
553
747
143
763
370
213
785
658
232
928
714
855
594
249
504
112
216
829
589
382
919
995
194
142
98
285
582
90
433
544
643
532
39
406
254
253
544
913
263
776
193
977
631
787
579
487
899
147
668
840
881
939
187
75
81
285
713
663
375
498
560
371
30
599
777
284
204
673
549
820
449
742
149
433
529
80
272
780
227
941
620
108
880
807
536
962
444
249
977
172
747
537
543
777
489
672
413
693
346
315
865
147
57
15
580
939
95
853
719
323
146
692
783
26
851
319
340
296
568
670
820
315
559
715
444
48
387
210
94
85
525
959
233
934
974
165
225
422
18
297
745
164
989
880
543
192
200
235
488
768
905
660
436
465
375
232
865
115
794
959
200
319
919
785
606
245
951
831
667
321
128
764
838
469
645
381
662
197
968
502
965
226
163
753
43
890
338
908
5
132
868
558
804
139
343
410
384
294
593
404
616
722
520
806
543
165
539
205
362
507
708
680
733
223
785
128
113
123
37
119
608
257
677
412
396
372
174
132
19
767
888
635
841
409
793
385
574
332
942
289
839
650
321
925
873
458
53
339
582
442
810
542
699
839
954
447
211
480
932
230
599
820
217
441
229
10
178
156
342
120
797
534
123
118
811
348
576
216
687
510
659
497
52
710
336
358
158
548
838
90
130
790
910
348
231
492
710
761
648
405
881
445
939
4
915
102
353
491
318
40
354
329
890
758
40
226
117
550
126
307
992
257
97
254
957
680
746
667
441
746
72
323
543
363
679
458
465
384
302
136
777
656
465
667
414
857
893
883
759
372
543
751
981
640
6
938
673
104
957
114
203
382
789
746
97
469
205
563
205
859
51
982
515
868
649
281
78
895
165
837
267
708
941
600
700
299
538
373
403
847
840
606
229
629
705
327
450
262
242
656
121
645
638
636
513
640
917
591
535
434
781
154
142
722
106
195
21
996
568
776
843
408
735
425
390
440
104
840
702
698
848
823
343
839
811
208
479
80
152
366
515
933
872
9
655
978
204
28
974
773
804
817
533
891
594
923
331
698
116
385
396
964
560
739
803
371
948
282
804
100
0
319
385
872
328
392
850
885
420
824
10
576
994
543
468
588
467
151
287
583
537
35
899
97
775
703
821
75
337
625
527
338
296
264
210
976
656
413
861
76
237
871
4
231
767
472
172
586
624
459
521
513
494
420
962
621
475
783
48
813
760
927
503
56
191
713
385
847
126
598
275
716
470
280
299
237
104
471
175
80
282
696
593
129
116
556
102
592
691
151
757
452
430
260
860
622
973
597
821
452
196
97
520
666
729
819
255
833
291
782
914
573
478
507
702
594
415
805
538
107
308
295
911
738
555
123
712
881
721
534
685
917
631
205
user@debian:~/Bureau/IN301/TD/TD 01$ sort -n nombres_tries.data
0
1
2
3
4
4
5
6
7
8
9
10
10
13
13
14
15
17
18
19
20
21
21
22
23
23
24
24
25
26
28
28
30
31
32
33
33
35
37
39
40
40
41
41
42
43
43
44
45
48
48
48
51
52
53
54
56
57
63
65
67
67
72
72
72
73
75
75
76
78
80
80
80
81
84
85
85
85
85
88
88
90
90
90
90
90
91
94
94
95
97
97
97
97
97
98
99
100
102
102
102
103
104
104
104
104
106
107
108
108
111
112
113
114
115
116
116
117
118
119
120
121
123
123
123
123
123
123
126
126
128
128
129
129
130
132
132
136
139
141
142
142
143
143
146
146
147
147
147
148
148
149
150
151
151
152
152
154
156
158
163
164
164
164
165
165
165
165
166
166
172
172
173
174
175
175
177
178
179
180
185
186
187
188
191
192
193
193
194
194
195
196
197
199
200
200
203
204
204
205
205
205
205
207
207
208
210
210
211
211
211
212
213
215
216
216
216
217
217
221
223
225
225
226
226
227
229
229
230
231
231
232
232
233
233
233
235
237
237
237
240
240
241
242
245
245
247
249
249
249
252
253
254
254
255
255
255
257
257
258
259
260
262
263
264
264
265
267
269
270
271
271
272
275
275
275
277
279
280
280
280
281
281
282
282
284
285
285
285
287
288
289
291
292
293
294
294
295
296
296
297
297
299
299
302
302
306
307
308
308
309
309
312
313
314
315
315
316
318
319
319
319
321
321
321
323
323
325
327
328
329
331
331
332
335
336
337
338
338
339
340
340
342
343
343
343
345
346
346
348
348
349
352
353
354
355
356
357
358
359
360
362
362
363
366
368
370
371
371
372
372
373
373
374
375
375
380
381
382
382
382
384
384
385
385
385
385
387
389
390
391
392
393
396
396
397
398
399
400
403
403
404
404
405
406
406
408
408
409
410
412
413
413
413
414
415
418
420
420
422
422
423
425
427
428
429
430
433
433
434
436
436
440
440
441
441
442
444
444
444
444
445
445
447
449
449
450
452
452
456
457
458
458
458
459
459
459
465
465
465
465
467
467
468
469
469
470
471
472
472
474
475
475
476
477
478
479
480
482
482
485
485
487
488
489
490
491
492
494
496
496
497
498
500
502
502
503
504
504
507
507
507
507
509
510
511
513
513
515
515
515
517
517
518
520
520
521
522
524
525
527
528
529
529
532
532
533
534
534
535
535
536
537
537
537
538
538
538
539
541
542
542
543
543
543
543
543
543
544
544
548
549
550
553
555
555
555
556
558
559
560
560
560
561
562
563
567
568
568
570
573
573
574
576
576
577
578
579
580
582
582
582
583
583
586
587
588
589
591
592
593
593
594
594
594
597
598
599
599
600
603
606
606
606
608
609
611
614
616
616
618
618
620
621
622
623
623
624
624
625
629
631
631
633
633
635
636
638
639
639
640
640
640
643
645
645
648
648
648
649
649
650
651
655
656
656
656
658
658
659
659
660
662
663
663
666
667
667
667
668
668
669
670
670
672
673
673
676
677
679
680
680
683
685
687
688
690
691
692
693
696
696
698
698
699
700
702
702
702
703
703
705
708
708
708
709
709
710
710
711
711
712
713
713
714
715
716
716
718
719
720
721
721
722
722
726
727
727
728
729
733
735
736
736
738
738
739
739
740
742
743
743
744
744
745
746
746
746
747
747
749
750
751
751
753
753
755
757
758
758
759
760
761
762
762
763
764
767
767
768
768
769
773
774
775
775
776
776
776
777
777
777
780
781
781
782
783
783
784
785
785
785
787
789
789
789
790
793
794
794
794
796
797
798
800
802
803
803
803
804
804
804
804
805
806
807
807
809
810
810
811
811
812
812
812
813
813
817
817
819
819
819
820
820
820
821
821
823
823
824
829
830
831
832
832
833
833
835
835
837
838
838
839
839
839
839
840
840
840
840
841
842
843
846
847
847
847
848
848
849
850
850
851
851
852
853
855
857
858
859
860
860
861
862
865
865
866
867
868
868
869
871
871
872
872
873
876
878
880
880
881
881
881
883
884
885
886
888
890
890
890
890
891
892
893
895
895
899
899
904
904
905
908
910
911
912
913
913
914
914
915
917
917
919
919
922
923
925
926
926
927
927
928
930
931
932
932
933
934
934
936
937
937
938
939
939
939
941
941
942
947
948
951
953
954
957
957
959
959
959
960
962
962
962
962
963
964
965
968
969
970
970
972
973
974
974
976
977
977
977
977
978
981
981
981
982
982
983
984
985
988
989
989
991
992
994
995
996
999
user@debian:~/Bureau/IN301/TD/TD 01$ wc nombres_tries.data
 999  999 3888 nombres_tries.data
user@debian:~/Bureau/IN301/TD/TD 01$ uniq nombres_tries.data
215
972
146
970
406
937
984
892
847
264
721
207
726
507
474
302
912
784
616
809
48
561
391
293
774
960
502
789
143
240
428
711
212
926
33
970
216
17
862
63
633
583
271
359
90
97
13
2
233
981
164
633
542
555
927
316
867
429
457
362
21
886
73
233
812
458
555
28
475
418
444
108
1
67
819
444
164
832
798
749
813
962
382
356
869
309
24
736
90
482
99
111
720
524
696
884
983
252
265
810
670
709
271
23
776
90
819
292
275
618
41
88
932
423
796
802
85
173
538
175
7
989
639
727
866
335
611
849
587
876
659
609
937
930
985
65
373
804
709
648
422
102
88
355
878
237
509
963
762
399
490
769
389
129
848
255
465
459
456
404
688
467
14
977
750
999
43
123
803
104
123
578
207
211
285
85
800
794
400
562
193
890
331
934
20
179
541
485
991
349
241
31
817
255
360
567
606
403
42
762
860
165
340
67
728
977
504
529
123
904
91
668
794
775
603
166
306
496
3
649
846
245
32
663
500
393
582
459
148
624
221
8
789
913
427
517
890
931
398
13
835
842
33
982
969
988
148
275
485
152
277
683
397
309
346
249
702
280
708
851
904
281
211
45
194
639
914
436
570
313
449
758
507
835
740
476
823
240
103
308
744
380
343
141
690
41
743
744
321
803
947
225
85
511
270
279
150
185
716
72
850
517
830
357
352
922
833
528
515
288
188
259
669
532
753
711
573
496
807
895
651
755
472
736
618
743
368
768
280
84
840
482
953
23
839
658
297
24
186
812
312
374
72
981
258
177
44
832
25
852
727
676
959
199
413
577
294
781
345
926
217
537
408
522
560
247
180
858
623
718
22
936
445
94
269
703
623
314
535
648
518
614
325
477
166
738
54
812
871
751
739
440
640
147
962
553
747
143
763
370
213
785
658
232
928
714
855
594
249
504
112
216
829
589
382
919
995
194
142
98
285
582
90
433
544
643
532
39
406
254
253
544
913
263
776
193
977
631
787
579
487
899
147
668
840
881
939
187
75
81
285
713
663
375
498
560
371
30
599
777
284
204
673
549
820
449
742
149
433
529
80
272
780
227
941
620
108
880
807
536
962
444
249
977
172
747
537
543
777
489
672
413
693
346
315
865
147
57
15
580
939
95
853
719
323
146
692
783
26
851
319
340
296
568
670
820
315
559
715
444
48
387
210
94
85
525
959
233
934
974
165
225
422
18
297
745
164
989
880
543
192
200
235
488
768
905
660
436
465
375
232
865
115
794
959
200
319
919
785
606
245
951
831
667
321
128
764
838
469
645
381
662
197
968
502
965
226
163
753
43
890
338
908
5
132
868
558
804
139
343
410
384
294
593
404
616
722
520
806
543
165
539
205
362
507
708
680
733
223
785
128
113
123
37
119
608
257
677
412
396
372
174
132
19
767
888
635
841
409
793
385
574
332
942
289
839
650
321
925
873
458
53
339
582
442
810
542
699
839
954
447
211
480
932
230
599
820
217
441
229
10
178
156
342
120
797
534
123
118
811
348
576
216
687
510
659
497
52
710
336
358
158
548
838
90
130
790
910
348
231
492
710
761
648
405
881
445
939
4
915
102
353
491
318
40
354
329
890
758
40
226
117
550
126
307
992
257
97
254
957
680
746
667
441
746
72
323
543
363
679
458
465
384
302
136
777
656
465
667
414
857
893
883
759
372
543
751
981
640
6
938
673
104
957
114
203
382
789
746
97
469
205
563
205
859
51
982
515
868
649
281
78
895
165
837
267
708
941
600
700
299
538
373
403
847
840
606
229
629
705
327
450
262
242
656
121
645
638
636
513
640
917
591
535
434
781
154
142
722
106
195
21
996
568
776
843
408
735
425
390
440
104
840
702
698
848
823
343
839
811
208
479
80
152
366
515
933
872
9
655
978
204
28
974
773
804
817
533
891
594
923
331
698
116
385
396
964
560
739
803
371
948
282
804
100
0
319
385
872
328
392
850
885
420
824
10
576
994
543
468
588
467
151
287
583
537
35
899
97
775
703
821
75
337
625
527
338
296
264
210
976
656
413
861
76
237
871
4
231
767
472
172
586
624
459
521
513
494
420
962
621
475
783
48
813
760
927
503
56
191
713
385
847
126
598
275
716
470
280
299
237
104
471
175
80
282
696
593
129
116
556
102
592
691
151
757
452
430
260
860
622
973
597
821
452
196
97
520
666
729
819
255
833
291
782
914
573
478
507
702
594
415
805
538
107
308
295
911
738
555
123
712
881
721
534
685
917
631
205
user@debian:~/Bureau/IN301/TD/TD 01$ wc nombres_tries.data
 999  999 3888 nombres_tries.data
user@debian:~/Bureau/IN301/TD/TD 01$ cat nombres_tries.data
215
972
146
970
406
937
984
892
847
264
721
207
726
507
474
302
912
784
616
809
48
561
391
293
774
960
502
789
143
240
428
711
212
926
33
970
216
17
862
63
633
583
271
359
90
97
13
2
233
981
164
633
542
555
927
316
867
429
457
362
21
886
73
233
812
458
555
28
475
418
444
108
1
67
819
444
164
832
798
749
813
962
382
356
869
309
24
736
90
482
99
111
720
524
696
884
983
252
265
810
670
709
271
23
776
90
819
292
275
618
41
88
932
423
796
802
85
173
538
175
7
989
639
727
866
335
611
849
587
876
659
609
937
930
985
65
373
804
709
648
422
102
88
355
878
237
509
963
762
399
490
769
389
129
848
255
465
459
456
404
688
467
14
977
750
999
43
123
803
104
123
578
207
211
285
85
800
794
400
562
193
890
331
934
20
179
541
485
991
349
241
31
817
255
360
567
606
403
42
762
860
165
340
67
728
977
504
529
123
904
91
668
794
775
603
166
306
496
3
649
846
245
32
663
500
393
582
459
148
624
221
8
789
913
427
517
890
931
398
13
835
842
33
982
969
988
148
275
485
152
277
683
397
309
346
249
702
280
708
851
904
281
211
45
194
639
914
436
570
313
449
758
507
835
740
476
823
240
103
308
744
380
343
141
690
41
743
744
321
803
947
225
85
511
270
279
150
185
716
72
850
517
830
357
352
922
833
528
515
288
188
259
669
532
753
711
573
496
807
895
651
755
472
736
618
743
368
768
280
84
840
482
953
23
839
658
297
24
186
812
312
374
72
981
258
177
44
832
25
852
727
676
959
199
413
577
294
781
345
926
217
537
408
522
560
247
180
858
623
718
22
936
445
94
269
703
623
314
535
648
518
614
325
477
166
738
54
812
871
751
739
440
640
147
962
553
747
143
763
370
213
785
658
232
928
714
855
594
249
504
112
216
829
589
382
919
995
194
142
98
285
582
90
433
544
643
532
39
406
254
253
544
913
263
776
193
977
631
787
579
487
899
147
668
840
881
939
187
75
81
285
713
663
375
498
560
371
30
599
777
284
204
673
549
820
449
742
149
433
529
80
272
780
227
941
620
108
880
807
536
962
444
249
977
172
747
537
543
777
489
672
413
693
346
315
865
147
57
15
580
939
95
853
719
323
146
692
783
26
851
319
340
296
568
670
820
315
559
715
444
48
387
210
94
85
525
959
233
934
974
165
225
422
18
297
745
164
989
880
543
192
200
235
488
768
905
660
436
465
375
232
865
115
794
959
200
319
919
785
606
245
951
831
667
321
128
764
838
469
645
381
662
197
968
502
965
226
163
753
43
890
338
908
5
132
868
558
804
139
343
410
384
294
593
404
616
722
520
806
543
165
539
205
362
507
708
680
733
223
785
128
113
123
37
119
608
257
677
412
396
372
174
132
19
767
888
635
841
409
793
385
574
332
942
289
839
650
321
925
873
458
53
339
582
442
810
542
699
839
954
447
211
480
932
230
599
820
217
441
229
10
178
156
342
120
797
534
123
118
811
348
576
216
687
510
659
497
52
710
336
358
158
548
838
90
130
790
910
348
231
492
710
761
648
405
881
445
939
4
915
102
353
491
318
40
354
329
890
758
40
226
117
550
126
307
992
257
97
254
957
680
746
667
441
746
72
323
543
363
679
458
465
384
302
136
777
656
465
667
414
857
893
883
759
372
543
751
981
640
6
938
673
104
957
114
203
382
789
746
97
469
205
563
205
859
51
982
515
868
649
281
78
895
165
837
267
708
941
600
700
299
538
373
403
847
840
606
229
629
705
327
450
262
242
656
121
645
638
636
513
640
917
591
535
434
781
154
142
722
106
195
21
996
568
776
843
408
735
425
390
440
104
840
702
698
848
823
343
839
811
208
479
80
152
366
515
933
872
9
655
978
204
28
974
773
804
817
533
891
594
923
331
698
116
385
396
964
560
739
803
371
948
282
804
100
0
319
385
872
328
392
850
885
420
824
10
576
994
543
468
588
467
151
287
583
537
35
899
97
775
703
821
75
337
625
527
338
296
264
210
976
656
413
861
76
237
871
4
231
767
472
172
586
624
459
521
513
494
420
962
621
475
783
48
813
760
927
503
56
191
713
385
847
126
598
275
716
470
280
299
237
104
471
175
80
282
696
593
129
116
556
102
592
691
151
757
452
430
260
860
622
973
597
821
452
196
97
520
666
729
819
255
833
291
782
914
573
478
507
702
594
415
805
538
107
308
295
911
738
555
123
712
881
721
534
685
917
631
205
user@debian:~/Bureau/IN301/TD/TD 01$ cat nombres_tries.data
215
972
146
970
406
937
984
892
847
264
721
207
726
507
474
302
912
784
616
809
48
561
391
293
774
960
502
789
143
240
428
711
212
926
33
970
216
17
862
63
633
583
271
359
90
97
13
2
233
981
164
633
542
555
927
316
867
429
457
362
21
886
73
233
812
458
555
28
475
418
444
108
1
67
819
444
164
832
798
749
813
962
382
356
869
309
24
736
90
482
99
111
720
524
696
884
983
252
265
810
670
709
271
23
776
90
819
292
275
618
41
88
932
423
796
802
85
173
538
175
7
989
639
727
866
335
611
849
587
876
659
609
937
930
985
65
373
804
709
648
422
102
88
355
878
237
509
963
762
399
490
769
389
129
848
255
465
459
456
404
688
467
14
977
750
999
43
123
803
104
123
578
207
211
285
85
800
794
400
562
193
890
331
934
20
179
541
485
991
349
241
31
817
255
360
567
606
403
42
762
860
165
340
67
728
977
504
529
123
904
91
668
794
775
603
166
306
496
3
649
846
245
32
663
500
393
582
459
148
624
221
8
789
913
427
517
890
931
398
13
835
842
33
982
969
988
148
275
485
152
277
683
397
309
346
249
702
280
708
851
904
281
211
45
194
639
914
436
570
313
449
758
507
835
740
476
823
240
103
308
744
380
343
141
690
41
743
744
321
803
947
225
85
511
270
279
150
185
716
72
850
517
830
357
352
922
833
528
515
288
188
259
669
532
753
711
573
496
807
895
651
755
472
736
618
743
368
768
280
84
840
482
953
23
839
658
297
24
186
812
312
374
72
981
258
177
44
832
25
852
727
676
959
199
413
577
294
781
345
926
217
537
408
522
560
247
180
858
623
718
22
936
445
94
269
703
623
314
535
648
518
614
325
477
166
738
54
812
871
751
739
440
640
147
962
553
747
143
763
370
213
785
658
232
928
714
855
594
249
504
112
216
829
589
382
919
995
194
142
98
285
582
90
433
544
643
532
39
406
254
253
544
913
263
776
193
977
631
787
579
487
899
147
668
840
881
939
187
75
81
285
713
663
375
498
560
371
30
599
777
284
204
673
549
820
449
742
149
433
529
80
272
780
227
941
620
108
880
807
536
962
444
249
977
172
747
537
543
777
489
672
413
693
346
315
865
147
57
15
580
939
95
853
719
323
146
692
783
26
851
319
340
296
568
670
820
315
559
715
444
48
387
210
94
85
525
959
233
934
974
165
225
422
18
297
745
164
989
880
543
192
200
235
488
768
905
660
436
465
375
232
865
115
794
959
200
319
919
785
606
245
951
831
667
321
128
764
838
469
645
381
662
197
968
502
965
226
163
753
43
890
338
908
5
132
868
558
804
139
343
410
384
294
593
404
616
722
520
806
543
165
539
205
362
507
708
680
733
223
785
128
113
123
37
119
608
257
677
412
396
372
174
132
19
767
888
635
841
409
793
385
574
332
942
289
839
650
321
925
873
458
53
339
582
442
810
542
699
839
954
447
211
480
932
230
599
820
217
441
229
10
178
156
342
120
797
534
123
118
811
348
576
216
687
510
659
497
52
710
336
358
158
548
838
90
130
790
910
348
231
492
710
761
648
405
881
445
939
4
915
102
353
491
318
40
354
329
890
758
40
226
117
550
126
307
992
257
97
254
957
680
746
667
441
746
72
323
543
363
679
458
465
384
302
136
777
656
465
667
414
857
893
883
759
372
543
751
981
640
6
938
673
104
957
114
203
382
789
746
97
469
205
563
205
859
51
982
515
868
649
281
78
895
165
837
267
708
941
600
700
299
538
373
403
847
840
606
229
629
705
327
450
262
242
656
121
645
638
636
513
640
917
591
535
434
781
154
142
722
106
195
21
996
568
776
843
408
735
425
390
440
104
840
702
698
848
823
343
839
811
208
479
80
152
366
515
933
872
9
655
978
204
28
974
773
804
817
533
891
594
923
331
698
116
385
396
964
560
739
803
371
948
282
804
100
0
319
385
872
328
392
850
885
420
824
10
576
994
543
468
588
467
151
287
583
537
35
899
97
775
703
821
75
337
625
527
338
296
264
210
976
656
413
861
76
237
871
4
231
767
472
172
586
624
459
521
513
494
420
962
621
475
783
48
813
760
927
503
56
191
713
385
847
126
598
275
716
470
280
299
237
104
471
175
80
282
696
593
129
116
556
102
592
691
151
757
452
430
260
860
622
973
597
821
452
196
97
520
666
729
819
255
833
291
782
914
573
478
507
702
594
415
805
538
107
308
295
911
738
555
123
712
881
721
534
685
917
631
205
user@debian:~/Bureau/IN301/TD/TD 01$ sort -n nombres_tries.data
0
1
2
3
4
4
5
6
7
8
9
10
10
13
13
14
15
17
18
19
20
21
21
22
23
23
24
24
25
26
28
28
30
31
32
33
33
35
37
39
40
40
41
41
42
43
43
44
45
48
48
48
51
52
53
54
56
57
63
65
67
67
72
72
72
73
75
75
76
78
80
80
80
81
84
85
85
85
85
88
88
90
90
90
90
90
91
94
94
95
97
97
97
97
97
98
99
100
102
102
102
103
104
104
104
104
106
107
108
108
111
112
113
114
115
116
116
117
118
119
120
121
123
123
123
123
123
123
126
126
128
128
129
129
130
132
132
136
139
141
142
142
143
143
146
146
147
147
147
148
148
149
150
151
151
152
152
154
156
158
163
164
164
164
165
165
165
165
166
166
172
172
173
174
175
175
177
178
179
180
185
186
187
188
191
192
193
193
194
194
195
196
197
199
200
200
203
204
204
205
205
205
205
207
207
208
210
210
211
211
211
212
213
215
216
216
216
217
217
221
223
225
225
226
226
227
229
229
230
231
231
232
232
233
233
233
235
237
237
237
240
240
241
242
245
245
247
249
249
249
252
253
254
254
255
255
255
257
257
258
259
260
262
263
264
264
265
267
269
270
271
271
272
275
275
275
277
279
280
280
280
281
281
282
282
284
285
285
285
287
288
289
291
292
293
294
294
295
296
296
297
297
299
299
302
302
306
307
308
308
309
309
312
313
314
315
315
316
318
319
319
319
321
321
321
323
323
325
327
328
329
331
331
332
335
336
337
338
338
339
340
340
342
343
343
343
345
346
346
348
348
349
352
353
354
355
356
357
358
359
360
362
362
363
366
368
370
371
371
372
372
373
373
374
375
375
380
381
382
382
382
384
384
385
385
385
385
387
389
390
391
392
393
396
396
397
398
399
400
403
403
404
404
405
406
406
408
408
409
410
412
413
413
413
414
415
418
420
420
422
422
423
425
427
428
429
430
433
433
434
436
436
440
440
441
441
442
444
444
444
444
445
445
447
449
449
450
452
452
456
457
458
458
458
459
459
459
465
465
465
465
467
467
468
469
469
470
471
472
472
474
475
475
476
477
478
479
480
482
482
485
485
487
488
489
490
491
492
494
496
496
497
498
500
502
502
503
504
504
507
507
507
507
509
510
511
513
513
515
515
515
517
517
518
520
520
521
522
524
525
527
528
529
529
532
532
533
534
534
535
535
536
537
537
537
538
538
538
539
541
542
542
543
543
543
543
543
543
544
544
548
549
550
553
555
555
555
556
558
559
560
560
560
561
562
563
567
568
568
570
573
573
574
576
576
577
578
579
580
582
582
582
583
583
586
587
588
589
591
592
593
593
594
594
594
597
598
599
599
600
603
606
606
606
608
609
611
614
616
616
618
618
620
621
622
623
623
624
624
625
629
631
631
633
633
635
636
638
639
639
640
640
640
643
645
645
648
648
648
649
649
650
651
655
656
656
656
658
658
659
659
660
662
663
663
666
667
667
667
668
668
669
670
670
672
673
673
676
677
679
680
680
683
685
687
688
690
691
692
693
696
696
698
698
699
700
702
702
702
703
703
705
708
708
708
709
709
710
710
711
711
712
713
713
714
715
716
716
718
719
720
721
721
722
722
726
727
727
728
729
733
735
736
736
738
738
739
739
740
742
743
743
744
744
745
746
746
746
747
747
749
750
751
751
753
753
755
757
758
758
759
760
761
762
762
763
764
767
767
768
768
769
773
774
775
775
776
776
776
777
777
777
780
781
781
782
783
783
784
785
785
785
787
789
789
789
790
793
794
794
794
796
797
798
800
802
803
803
803
804
804
804
804
805
806
807
807
809
810
810
811
811
812
812
812
813
813
817
817
819
819
819
820
820
820
821
821
823
823
824
829
830
831
832
832
833
833
835
835
837
838
838
839
839
839
839
840
840
840
840
841
842
843
846
847
847
847
848
848
849
850
850
851
851
852
853
855
857
858
859
860
860
861
862
865
865
866
867
868
868
869
871
871
872
872
873
876
878
880
880
881
881
881
883
884
885
886
888
890
890
890
890
891
892
893
895
895
899
899
904
904
905
908
910
911
912
913
913
914
914
915
917
917
919
919
922
923
925
926
926
927
927
928
930
931
932
932
933
934
934
936
937
937
938
939
939
939
941
941
942
947
948
951
953
954
957
957
959
959
959
960
962
962
962
962
963
964
965
968
969
970
970
972
973
974
974
976
977
977
977
977
978
981
981
981
982
982
983
984
985
988
989
989
991
992
994
995
996
999
user@debian:~/Bureau/IN301/TD/TD 01$ wc nombres_tries.data
 999  999 3888 nombres_tries.data
user@debian:~/Bureau/IN301/TD/TD 01$ code script.sh &
[1] 3730
user@debian:~/Bureau/IN301/TD/TD 01$ code script.sh &
[2] 3780
[1]   Fini                    code script.sh
user@debian:~/Bureau/IN301/TD/TD 01$ code script.sh &
[3] 3830
[2]   Fini                    code script.sh
user@debian:~/Bureau/IN301/TD/TD 01$ chmod +x script.sh
[3]+  Fini                    code script.sh
user@debian:~/Bureau/IN301/TD/TD 01$ ls -l
total 296
-rwxr-xr-x 1 user user   8552 sept. 16 11:42 alea
-rw-r--r-- 1 user user    228 sept. 16 11:42 alea.c
-rw-r--r-- 1 user user   3892 sept. 16 11:44 monfichier
-rw-r--r-- 1 user user   3888 sept. 16 12:02 nombres_tries.data
-rwxr-xr-x 1 user user     86 sept. 16 12:22 script.sh
drwxr-xr-x 2 user user   4096 sept. 16 10:52 td_1
drwxr-xr-x 2 user user   4096 sept. 16 10:52 td_10
drwxr-xr-x 2 user user   4096 sept. 16 10:52 td_11
drwxr-xr-x 2 user user   4096 sept. 16 10:52 td_12
drwxr-xr-x 2 user user   4096 sept. 16 10:52 td_2
drwxr-xr-x 2 user user   4096 sept. 16 10:52 td_3
drwxr-xr-x 2 user user   4096 sept. 16 10:52 td_4
drwxr-xr-x 2 user user   4096 sept. 16 10:52 td_5
drwxr-xr-x 2 user user   4096 sept. 16 10:52 td_6
drwxr-xr-x 2 user user   4096 sept. 16 10:52 td_7
drwxr-xr-x 2 user user   4096 sept. 16 10:52 td_8
drwxr-xr-x 2 user user   4096 sept. 16 10:52 td_9
-rw-r--r-- 1 user user 117066 sept. 16 11:32 terminal1.txt
-rw-r--r-- 1 user user 104893 sept. 16 11:29 terminal.txt
user@debian:~/Bureau/IN301/TD/TD 01$ ./script.sh 
gcc: fatal error: input file ‘alea’ is the same as output file
compilation terminated.
user@debian:~/Bureau/IN301/TD/TD 01$ sort -n mes_nombres >> mes_nombres_tries
user@debian:~/Bureau/IN301/TD/TD 01$ sort -n mes_nombres >> mes_nombres_tries
user@debian:~/Bureau/IN301/TD/TD 01$ uniq mes_nombres_tries >> mes_nombres_uniq
user@debian:~/Bureau/IN301/TD/TD 01$ ./alea | sort -n | uniq | wc
    624     624    2432
user@debian:~/Bureau/IN301/TD/TD 01$ 
