136388
728832
882637
694968
304348
445823
876286
109036
581699
628222
185000
230098
303797
598891
 31830
427158
273251
 49285
183779
676167
939858
163369
583807
821998
959072
 28984
571750
660552
915590
665275
594097
568330
910459
993086
263298
731160
438910
139584
356548
536961
767806
541549
283412
 71603
140440
831594
498761
930043
880879
198892
606211
337089
878614
706370
675439
354038
735354
763542
 14590
650944
945169
125039
735626
855628
634478
998924
586788
589740
138508
459689
126701
422666
  1238
926465
 10621
141678
758059
 25735
 71721
155290
740979
194284
492379
619593
900655
684171
973632
152361
447713
504574
319658
392882
145966
 55284
764862
780444
 54209
868003
370184
709069
327692
 13237
648088
328930
939703
658709
986960
697762
684444
575033
369405
425424
769318
378136
561369
186325
 62307
 51353
338686
 26372
555928
658344
419254
218246
713629
700469
998690
284190
568472
368874
509611
896164
382111
157699
741446
838166
816409
728406
 52281
 17205
303439
421686
958981
589109
799822
520351
775434
862130
571704
630473
888502
643984
805169
824109
862230
 35150
524578
860920
319340
609402
746146
345304
505566
644610
503003
247012
482776
835764
491770
 51409
369322
311561
473095
328303
417023
272918
365006
708809
651400
936711
339282
 56254
 97047
144452
396715
959278
179602
921293
336550
 15295
530695
599049
360599
552613
243659
379954
315977
242787
732071
807747
810549
101393
635661
283644
946048
 52684
 72914
311055
761493
240666
247766
617128
296921
861165
761580
693636
820443
457534
131282
673346
472829
178329
272395
349780
247295
 32406
729735
563272
275193
461806
887372
 85742
 79551
523033
885739
 25599
 92069
958653
336654
369914
715672
100772
987042
 12593
961938
264974
222581
298733
722509
870215
972079
711690
 48545
244474
 61471
295840
276880
307558
375464
 68426
285716
262836
670520
365267
302221
 72611
907218
910642
547617
760225
280557
263289
860997
783951
792234
339287
 48926
 14815
638021
287787
885031
126452
999477
449928
887279
577300
262120
680511
884858
637584
748937
170574
416773
935810
 52193
235346
  8421
959412
145989
 72390
719637
942898
335679
 96986
726849
127913
952626
292127
659081
106999
579914
544112
233451
 95744
510392
120730
673044
772512
317594
557903
926448
 66531
244829
343221
518693
297023
578568
 43467
772787
240909
115857
  8776
183807
451537
622114
910656
 95802
574740
202784
754883
198091
299050
815347
431543
394794
325739
 68625
 67839
614603
386219
142094
541052
969103
903275
400625
  4148
716650
979193
563967
489437
736454
679825
 14565
920261
647714
636680
830918
259868
727772
550054
 14752
925864
849104
830099
873759
243899
672191
458736
828090
286794
844956
970184
827846
330411
873459
744824
850911
590110
724017
414879
595899
976824
611056
610465
897085
258770
763497
244355
518638
491269
794409
 49742
417133
159866
879842
290892
920117
 68385
749629
748207
355179
110937
234743
699378
957700
624554
444202
808611
731016
684571
739842
843268
661395
350898
453733
 74833
126020
217230
319188
161011
224851
629950
210753
641985
789816
606947
449229
226285
675332
715210
974492
 30512
826147
725587
246242
300199
866493
206796
108811
597510
891367
365005
440778
 69115
715904
410863
143948
358276
144445
979488
519287
369296
609438
730041
527633
915606
336988
976863
141891
 12321
692073
632735
559185
 34573
874674
321779
334772
741168
528575
959935
338678
936294
324941
295808
521761
557197
706671
665709
915473
367468
161550
434761
736764
770988
681154
780750
202947
 18142
757613
344838
546815
966038
493926
622352
   611
368600
944131
851736
109768
989058
811671
448446
441705
652964
260606
963466
210161
483629
145528
641987
851097
307078
 76748
104214
594418
757902
884964
797365
292396
158929
658556
839212
124967
152482
977916
641931
521082
438400
493667
630851
427458
305338
595649
869163
958303
372608
348982
684816
856237
494510
326803
707335
317940
919903
811549
912358
677805
212865
709724
486554
371794
368280
842118
496761
520762
820034
655044
558196
258434
148711
705399
202245
970402
817401
587760
928705
190009
936742
129873
 46246
947604
456677
269933
265544
376580
 81482
177903
570738
294347
403979
573644
666141
288611
415762
679255
809373
235796
334299
883921
 10583
999363
589321
729180
969765
406722
316940
414822
113083
253683
544695
159329
717639
517724
429263
983184
410657
 27097
677439
497747
837797
 81418
 71391
 20290
370029
487153
699545
695754
239301
550197
 96027
249884
549560
201700
979064
519325
124774
812357
450499
237857
582392
995194
913539
300031
 29271
342802
799567
439928
886251
477006
937675
724048
 74776
  9066
744339
961157
 12571
960236
173263
251872
510433
269291
 18109
576345
470991
997173
 95670
595766
325882
546169
349975
908274
 57716
263514
208306
 86987
122668
  7873
 43267
  8920
  1232
980942
249320
 76008
506360
993659
 37166
518931
953896
726781
770803
980681
996072
788912
557027
983416
302438
169049
 95534
628320
231571
445509
536595
805639
709024
261253
408978
348044
269126
452245
356964
786710
433187
606285
862719
455899
116296
416237
974830
586544
143018
261985
567226
655443
567250
640605
155211
869688
809654
250745
 14360
557577
212606
 67307
363216
437982
328560
772194
786027
114039
224439
659343
417101
173978
265628
279820
146229
898277
212409
121059
484821
871780
899397
568399
 43575
466647
209004
198786
852687
535011
965883
867047
608940
178489
450707
972157
132824
295619
260703
435203
926010
  1495
 94546
343112
691825
876527
622932
838055
774804
351694
475466
775977
223474
374863
344377
267049
841510
 69733
465835
694197
604744
948070
 77597
730037
642911
528304
218546
775735
823923
479249
210938
749934
997096
821837
 93046
688922
698364
232330
 43329
473168
584024
518795
765497
323850
893659
109874
590899
735169
179608
573086
945719
300704
521156
 23316
 30741
164068
551620
249287
456155
375543
244889
183446
641829
241985
  5283
251227
447259
703647
483558
490588
693167
583934
  9384
458664
907785
419395
568539
 15036
154564
264499
588123
100283
 81555
625631
639951
112297
306051
191571
877936
278559
 83467
639177
462005
241648
881163
467288
492876
844774
687287
492786
335363
380454
 76720
861099
355470
500857
280494
440361
515894
435058
221212
620369
 51694
302768
762352
691645
931417
 68404
399569
809353
346963
483036
964883
325320
724684
846046
308960
733912
690820
996247
226698
542535
893053
819771
403634
248523
320628
684128
205237
352874
635539
426449
489595
203585
729217
251948
895230
660634
836704
811151
986340
700019
294187
951223
 25339
535224
313621
334299
269136
520793
846898
 12187
 63329
739951
831958
983315
504826
668938
667444
710063
 21813
302983
652865
 27760
 22920
382082
279708
918150
559069
116412
245654
 61761
816431
539841
529336
358122
591417
359309
208773
376906
880102
 55671
389093
459783
311974
737403
443099
816801
406341
626895
 43216
944506
929878
696081
972267
952798
594516
768327
387300
669937
401092
632954
731698
733875
689148
777386
 91998
796917
136695
817123
690175
533149
872795
595620
992933
184769
333023
436032
517922
255717
579279
 77491
716575
509157
289924
205194
978307
400792
973522
881959
 70729
890966
 31266
318779
624841
236766
 96165
233191
 33683
749212
 50315
240211
282362
923110
835831
275295
624231
685207
227679
658506
940924
806958
252349
173851
832467
 58625
379046
327126
975770
868920
209085
 46499
759886
756703
881631
384727
509821
494148
617919
543505
243361
184586
300068
525723
624048
135899
801018
764631
821106
545049
939489
278382
352007
191838
452234
700826
766816
831280
 27952
742586
700200
753389
305437
460086
 26445
703420
361165
536266
197569
495436
596123
440930
680022
896191
483005
304070
 32091
800375
585054
369549
345424
524543
647932
213783
232734
616518
430961
999550
447798
458913
258488
664350
728654
 80277
124436
755099
783698
  1953
291366
497619
497390
887489
454901
693764
783681
937906
514187
332124
738281
 99241
218025
600057
623784
865957
330192
856518
482475
761153
372420
446625
220066
147260
110975
465072
227538
751763
220172
 11236
753717
511538
508855
767459
915379
963756
461223
215412
418014
975410
 63888
672647
591003
281914
272704
214788
664223
602896
587658
663051
880401
476431
109676
616819
623691
737004
 81891
851229
488767
302063
378817
758836
329953
887672
 42647
245333
367780
 20223
460745
785794
511985
 40986
458441
102989
322900
247497
834129
987123
366745
421787
650174
247146
898218
276203
863965
521910
 13207
945857
889491
 18326
764272
268309
293515
 94226
672333
336162
855911
 40114
872737
833008
342260
384723
873994
317054
  4064
196894
 80903
838193
184018
447649
776332
350544
211147
190903
626747
 75113
229165
639954
537322
118656
658281
301594
386965
468148
395820
 59299
804310
768083
615765
193400
601092
474377
578123
475086
307783
 98539
671981
388687
936732
372351
352688
229416
722895
563835
420319
349643
638948
649484
505949
692622
768141
164230
994217
671458
632378
906389
247109
953041
674473
379226
146441
275565
853604
240916
750651
161387
339455
938984
 66426
792539
311335
419114
 21955
550583
982950
958627
900226
138250
608111
406175
830873
892604
 86758
825090
 80415
235488
247831
327524
704881
922304
706751
367674
714221
 76707
608590
981225
754446
464397
920209
820873
773288
747897
239987
311596
298480
222937
270223
715058
877540
394686
637585
708413
803643
724343
 49855
884058
476184
297686
727934
181065
736343
951037
548740
450564
 27744
673682
948141
782191
138080
384703
119416
911368
132600
359403
739316
947432
 98693
  9539
662490
976233
404226
300075
200998
207869
540771
250853
608279
533307
548539
336213
714372
801234
287251
779464
251799
831347
453147
716292
129890
107579
100995
765658
535299
233595
125062
274616
697379
740107
284155
359869
232692
204733
176297
433690
928954
233420
200895
537233
766727
749434
389799
997451
 67021
193402
776916
318820
541101
230063
551464
670992
853994
652460
436650
389293
402407
 78064
663909
 99787
334523
464417
976008
 83567
669150
152305
517257
598105
902077
234504
651690
185156
983939
 41489
182608
567312
751243
475876
886132
292345
222291
953948
479689
 76285
606408
916339
465578
  8816
510756
129488
108603
361631
110257
 84611
445199
779407
753269
478808
893864
171698
713313
 61907
356855
213604
103396
539463
780916
370992
531691
183400
663337
753982
137348
143026
830267
743757
575717
295845
268925
602825
941685
377528
964457
 51942
978491
926008
347702
731760
404816
757918
903459
118129
819825
776666
848085
439574
832481
629001
810566
364172
812401
990255
118154
466102
649633
948421
209859
741702
760618
995136
344528
218656
372664
825337
270598
867507
751345
134652
115620
156161
892571
 19079
790643
712396
312097
638728
668322
144578
784082
478888
508750
596483
469143
626904
578937
118776
 91677
788796
860479
852295
300284
721359
 70951
672948
546696
857902
 56808
814393
508906
172428
486906
917829
707859
793901
146578
 19956
432630
814900
164534
733064
293789
189636
845899
279284
816540
424837
398061
424569
729985
774892
793216
 30270
496251
380520
219570
559299
754774
276378
373692
263680
448806
376950
181510
156665
170852
328088
176621
119834
659340
857507
852898
953129
 47143
698797
748766
380035
123634
146827
804604
369972
438071
597821
400242
450674
978341
619812
526325
733115
896191
416369
513147
861349
793319
211009
 18015
964171
 55449
710988
600357
714790
568496
453255
184271
615639
668405
933037
995675
792039
596216
316631
678363
 34287
430804
 78605
  1313
409145
214770
527638
658612
627313
944007
688112
488662
253679
899121
 23029
734202
954571
734018
334560
185713
818866
787815
369984
434505
456220
303022
946532
764612
415590
263164
442975
449878
693968
 37933
967543
619466
252703
495182
794430
396368
955541
482542
885030
725572
898016
424412
459775
368939
158430
794335
554652
977296
 98502
924636
928153
 71075
744010
874686
835687
159601
654202
795014
125831
864522
349299
 93374
483988
118354
104908
794771
514722
576802
277313
916105
302374
691681
340517
762149
 60620
498947
 72836
615272
992595
171339
 56261
920748
242414
316623
311786
594453
992576
965988
905819
118407
830511
255119
728134
830851
373473
349394
625622
404548
442548
902936
320653
744923
594617
661170
 23424
171590
676469
612613
786862
669064
783952
359475
106164
542718
676099
417951
137171
185027
900291
 42990
303435
730802
814461
547921
561654
704287
897315
187276
108835
856216
606564
429488
601139
717534
607010
140915
889124
799831
753528
192338
468895
 53832
 68166
 91411
596550
260617
509362
250073
445644
409654
809416
749079
656808
623877
813352
734814
328164
227020
922091
953351
 83236
 45007
899191
200727
278893
506201
341642
168017
306032
611523
876708
291279
181707
944874
899043
294610
721843
408405
544683
167487
334411
354099
432919
507572
494329
246271
242386
822493
989643
164477
292197
 72879
725837
191388
273606
  4730
213942
131601
689100
 36326
259476
 82160
327606
441183
543386
743001
735793
265229
151406
796829
432716
  2170
150928
381987
509742
645257
628259
268480
984103
134254
949310
276300
207134
675147
467688
997092
196229
197982
645045
885329
234309
904521
967489
 78267
862057
 27227
821268
114202
292456
489026
911031
241525
491196
578312
623512
517290
739921
768123
785771
724024
902378
735081
516676
109512
926580
500717
622956
122809
698699
268002
  8139
933008
172523
491980
 11275
550932
519208
832543
665135
328016
321570
 92518
569541
329118
670830
193054
362761
927104
477529
148532
651128
379907
399965
684157
  5771
326545
184874
628728
449354
399925
896730
973845
849286
585605
982178
860561
136538
 17738
209457
318025
345754
 47379
926895
915296
376497
597726
624702
739258
524830
102231
404142
692310
998491
320459
892819
  4262
647004
594045
632990
612711
993971
529720
102908
843257
631678
 85086
220170
284568
102824
429627
602593
964931
993358
529488
396579
369856
643566
 21281
625466
684748
639864
545961
893411
638355
866420
786230
642618
 29777
380276
791960
642488
890599
838033
745396
733856
469711
346835
470378
754279
966011
900006
873224
930942
893364
402712
327521
779572
562631
348802
921391
247379
505019
467352
140790
143374
850124
443373
302344
879901
340001
 94305
 38741
230600
932338
300490
964456
402049
647325
951186
672680
613336
851192
545904
544279
260909
948616
388152
556833
 27599
253307
994576
274979
758326
978280
932121
901700
828405
375494
204045
224658
715495
814702
263400
462447
747040
 80242
943255
149089
727567
894442
821769
857255
261986
884025
917886
522895
832641
306039
596081
860241
559346
590657
651572
834024
568938
100045
252076
913695
991892
972473
138353
223739
787175
918105
686187
534215
998347
629442
199656
242266
523884
537777
 99522
785871
421802
533760
825118
770796
839799
937551
147389
915497
528209
315313
749521
613499
415358
517950
527194
407250
490423
181899
630990
277599
100005
833529
328166
614704
462971
527823
856971
503208
581952
472845
289079
  3755
  6605
630549
290903
362757
568101
438292
278254
612662
269957
544128
742513
685315
 62078
786059
608918
 68853
967958
756260
346452
584315
589789
674619
199020
 52760
718794
 55991
 72320
300746
528836
361399
820853
 51793
508301
111756
414550
592754
 66400
209157
721768
336357
269637
464281
538025
848067
250340
663295
916920
734650
419555
779725
318966
  9344
454344
517986
578456
689490
 90329
650777
990236
135517
528528
811090
187310
553181
439198
118213
662287
 21951
327370
384055
874660
113359
364688
412685
961426
615028
 75980
394698
349679
 11887
174423
668645
 21231
145119
702983
116040
834609
793312
283169
341198
928829
328049
152288
116139
881231
107838
234352
543518
129789
 78074
443926
  4450
191433
808614
933487
669211
939995
525820
 63910
289674
537707
754685
474671
 75291
899805
694006
191331
250766
487318
990852
591964
416147
318901
260604
 48638
716484
368443
799343
776355
 14584
877417
220281
535386
585203
 28895
468874
254414
968890
994694
834676
774916
532401
105714
765939
607692
  5519
459945
315375
772637
947263
306227
364602
879762
141481
141558
928401
857965
 26353
244096
634320
 40938
121513
854601
 92676
223068
399849
561550
993835
885091
 72596
828511
660008
121350
934225
942299
245394
456096
402245
560770
228734
865860
383349
109688
261975
524830
767598
190376
899148
793952
434472
533468
351242
 72337
904422
443918
295406
820623
521821
289241
705714
594417
634104
882074
715767
 84682
824374
961162
 57130
742971
 38284
802216
125183
937985
428256
387158
462816
195855
 93886
361964
989807
 44710
411784
341049
633400
832558
784967
928806
653181
823140
734399
358896
417558
884855
757322
649677
485889
 98048
127191
543020
841019
681827
345236
966203
619813
773493
869713
 82629
969348
963600
960945
475507
  8310
372729
816556
641710
721640
117875
 86868
374821
941016
337619
250069
874926
738827
  7392
 40955
224716
105440
168147
767736
462812
849974
629325
945367
986139
919170
815080
 68768
404870
778680
546065
880377
303343
435147
213285
945053
156787
847512
548274
531608
304880
885893
298030
179806
624720
305422
220762
365789
927214
905261
649877
390026
271587
279202
335393
257727
198372
666826
842847
119594
445506
388913
999971
265201
340412
213256
210255
497199
 60769
274881
545159
365649
677126
843189
 61808
818199
664963
798922
183988
592178
704183
833865
498556
492122
629420
350302
749849
827792
 17128
109049
947387
978986
 14314
463710
244188
354726
676967
970795
851925
254088
245676
397084
136089
439154
756626
197897
257353
421589
513171
441341
530119
733706
791559
 28676
225829
420979
895330
492030
765123
428810
601079
228862
407796
615393
692573
168336
486471
885892
139131
338396
656332
901159
251833
792421
340314
  8459
506671
114019
946400
536194
 71713
476520
269901
863272
 21548
 12082
800603
433230
 20464
565726
862040
137896
794589
786188
753289
  3514
954525
756113
405758
610008
 94509
 62090
 27520
862694
370863
367834
387505
393886
998205
333906
930081
 69918
326778
716334
933190
864678
728416
733793
814260
748880
815872
192652
886776
126813
978840
156418
646679
449717
912531
 52437
 59726
523392
630879
603598
386087
518094
487784
289944
911981
485989
140202
358414
555908
983332
591100
  5450
364362
319516
255596
178622
584748
 71468
371274
987877
714633
350115
144295
361312
316184
573178
930101
892262
612922
560980
495860
515361
595426
983644
805306
507407
469634
945508
382173
541894
445193
973273
547344
809555
809141
802940
988178
393890
390760
359452
898119
621745
225919
558766
983057
542104
131944
913158
434366
261218
990490
930227
776580
585917
430223
 98238
609676
899857
560098
508202
441751
  5291
997827
505448
814847
806969
308388
803025
717211
215501
678829
615330
837246
421101
174096
336656
479557
822392
766166
913923
599962
273009
360502
376542
375278
307078
991132
984954
206935
551231
  9508
165039
556522
  7336
670487
887721
330657
495227
690746
 47868
710728
885928
179550
 64327
823381
869998
917335
302938
692390
683501
733213
808704
956510
 93716
185247
331788
400794
176379
833095
124081
727610
358955
289120
800485
366291
475959
688206
696948
971187
895305
261168
198267
297585
440718
778946
120966
310716
696281
423904
519458
896135
157117
328163
368997
767185
 29762
700786
684331
722493
 50233
808413
966456
409188
613885
766941
291832
606197
971499
988780
577384
866804
766301
292003
164389
207019
 70950
801707
 34088
283583
225611
553546
179718
382729
398061
548716
666266
427823
765854
350598
666669
332439
675363
633125
257979
805600
400066
549811
411797
887917
 54944
505533
754722
821245
313889
435463
544616
384839
753523
578704
184774
979134
648603
364493
878215
563016
429561
544482
507192
711767
411432
173861
 44206
603147
806986
818537
408747
723404
884701
336897
611321
939645
842430
882395
277242
156319
834211
821858
 57510
587734
916915
242285
 83220
 81870
123130
961436
644886
 69043
 22270
152078
780810
433702
325939
341368
 36849
649277
676257
961948
372681
560958
298845
500355
500603
657628
382750
294197
813947
733313
632408
387810
321047
549323
146447
920620
631193
269577
882056
276079
854972
420678
944510
152134
370732
270449
  9854
923933
919727
686111
885881
808760
247070
701079
309115
264025
358707
691866
 74575
689006
941531
706983
 76816
262579
256306
223263
183199
403851
  9192
581607
196282
864164
  2285
140792
532650
889369
927594
542504
813302
363673
744968
699183
172433
508390
916614
481549
772415
275321
689767
846990
964328
631298
 70325
 41144
410229
326631
780760
109780
246834
789952
691387
443117
170469
210024
100261
219471
615745
 27855
761976
429047
391528
 23296
644583
 80314
531686
561197
561863
820453
836519
251630
183796
800847
399280
254121
358343
809510
 97105
139103
919290
343939
445408
127030
303408
132229
853406
403670
351700
469152
947877
630028
898199
855758
653324
542782
452424
701362
620332
 14287
521816
456851
782269
705612
774050
697901
959733
648745
507411
 56838
304201
943054
917130
265961
 70084
220538
398190
923490
140560
266242
908994
604790
896271
807194
976900
 65947
866328
429324
767310
  3012
959963
289126
459863
742232
511090
750265
956485
470823
915363
463897
 44014
219564
406951
961144
485525
993387
698034
400067
433229
838595
666309
342224
959737
562580
665770
936637
628528
532098
882313
912190
 51463
842276
201316
 27678
100860
712406
777944
 57345
699581
693307
521242
743595
429223
444545
221091
914748
954284
919126
314815
387514
274073
981124
729738
233810
 60057
911860
686799
204937
960310
569112
117127
 11773
927740
834795
 39452
 28600
547201
817396
 85945
763134
 27055
123540
 23082
972630
 84437
244173
403730
 38722
679651
234897
942588
953724
732373
188678
703886
792430
100538
907037
997367
 60848
992501
630846
 72622
920241
465641
112074
465193
529194
445822
551139
292329
989229
191031
315411
961859
791820
 75936
365589
346894
755588
600486
289482
225664
332859
478160
445903
125290
578698
352940
639009
639547
861794
269856
228521
782035
735497
340595
247229
781044
786417
314720
 73373
775646
 22103
905136
253857
330275
981072
619446
677170
253012
219932
966652
478677
552791
961165
440932
194433
 56215
310224
349795
695762
172018
619651
440635
470406
871500
781230
233987
168896
 83999
 65059
242269
375997
 87162
147405
629854
417437
644830
765652
610959
897842
985584
 93964
892871
 54728
 55129
333803
765513
111344
644028
115308
323459
816046
251311
764094
286452
639164
 61677
 36791
808060
662028
101850
566682
554378
705364
230439
184232
639154
875269
466237
250113
289464
451821
344077
182335
 22901
915558
516139
788415
 26903
160167
903723
866714
492565
671387
630808
295370
310551
208837
332161
634963
870866
434012
201645
425244
139376
432085
125828
294882
307354
592065
544996
596818
560239
889073
295506
 99492
804632
811645
887907
347887
488164
307983
214601
497081
979370
361761
792451
806273
570599
640965
441236
957817
591329
642882
899413
247057
591319
 25241
541940
415025
133659
 86936
 11844
210250
492361
307350
309742
813345
635347
714002
677584
639863
 21985
892185
136944
517707
253947
445748
840332
340898
 86713
281568
298715
194394
440802
714480
441451
548473
256073
983391
963499
389732
586679
975343
116334
 79041
799045
942429
408738
950744
656431
 86323
590607
194768
494860
243903
712475
265159
689651
 69159
606057
292716
350727
421124
487110
307882
135604
444914
856355
391678
428305
819854
297762
531337
311549
930449
610378
626946
872878
535468
577690
529309
621791
684649
240429
633004
444905
469256
898163
134556
538415
504221
943625
405494
441697
947087
713376
 93654
392001
 86084
485332
336659
422290
299446
867996
733840
229895
994726
877138
102773
530194
971181
148434
668338
172182
905215
301342
617087
374471
715857
751644
912886
220078
211621
318381
178128
158708
548109
271782
 67062
150545
273466
403721
572836
572912
271717
823028
802808
266443
700166
421933
312989
187699
 86720
497679
359882
991935
799021
976969
366407
514879
244965
795645
251309
456586
114026
945789
131647
178488
217571
198709
329033
  7389
602430
901869
580302
390499
241249
899462
173294
941416
837747
  2635
129115
924467
500315
  5349
432755
815688
982319
315514
330567
227284
111159
 98229
200223
741538
 44018
331870
920026
777942
530579
765411
785331
649361
667281
881985
556212
908530
781447
245858
366298
135547
248493
 11766
 60014
748808
 17115
  9121
564497
515786
324635
411416
743071
435795
509645
459646
177333
 70016
791516
613711
364310
838447
379122
665993
  4160
562755
547979
560372
987638
845778
806230
870288
981325
 54723
882054
557692
319884
415522
566813
884381
447660
407801
295797
707083
843596
321795
166729
537281
908163
958245
150992
272473
796692
 46466
454818
317204
609222
  2797
877576
113212
364928
200158
983500
346253
254882
865555
420297
 91118
797429
503463
975499
245089
911264
787648
952173
271212
625795
118902
808493
533958
593500
475837
322783
906544
 38655
777602
223749
164229
296751
617677
277441
661679
817836
260942
524285
589070
642849
944582
680188
956630
964397
655687
201719
392013
959687
670244
663225
585483
305499
988070
635793
415351
980259
474929
321895
 18915
252531
 61996
699496
549282
679674
976938
727314
497510
754232
251599
 86580
397081
712533
766768
353711
676931
938807
 71782
 68944
898494
258379
248522
   329
 80230
752944
636123
495581
733204
627404
817476
268471
879935
395825
967967
945569
 75499
461257
672883
 89361
215489
440834
692293
128922
153368
459061
998985
346651
914220
587120
931947
329066
845499
696821
845748
925729
449766
481871
937662
699322
109275
755138
484145
505562
667315
452112
967483
742814
429722
156719
348527
645211
597553
 40820
290486
267273
 16233
289471
130276
446805
876591
 62224
775872
238442
275397
621620
680523
725163
619843
618185
940837
245470
889676
424982
267384
556991
393447
234867
816158
823169
391586
164685
984732
505492
721858
275218
289117
738091
 81042
419394
184897
957633
997970
477121
712428
273367
 98741
392951
514883
234936
 11137
455720
480406
417165
397055
747790
974156
790502
499009
306666
130023
406948
987704
114755
912440
709562
906326
201557
447653
987368
137303
148902
461353
135273
626023
173781
924993
241116
 83085
439876
476052
610574
411948
472810
 27739
809003
220600
518247
599505
235962
824914
245880
642910
812618
360636
555350
522180
266962
273259
486185
770682
410563
151440
232035
545836
777463
922169
470829
534932
521606
427057
 10984
132180
839006
483795
159919
164361
220747
678166
280219
456709
 19432
526099
615971
832050
886735
171321
870582
670049
960933
873120
957083
371496
 24560
705471
433684
802023
143992
420866
336955
665598
364275
864292
797778
719633
864439
474049
883995
 85186
668567
164214
 58248
688000
206665
190571
 36402
609753
878245
423337
796154
839178
296457
753238
727026
321017
975061
160710
639392
119053
 97928
492700
784651
462204
873344
 98781
698189
737783
572830
582184
339321
241397
262750
913921
445749
469416
104493
482152
595521
982738
905489
391675
821916
201946
661265
548942
 39315
636326
226004
195059
755379
840285
687759
 56382
818841
561103
155163
517030
298886
244345
 99215
154560
485743
878317
 68481
931492
864085
172974
929996
459606
155712
835485
367634
977628
553783
 28899
 42922
109450
665226
785279
304510
936957
625564
992269
509692
444405
 69725
664855
961435
884963
909201
577002
 39523
911296
971672
108005
842788
835757
280979
772785
811716
436692
124622
179350
930672
194758
724601
973595
304208
906179
758874
608718
843137
900790
117340
352829
345195
187065
534036
822982
588380
959589
916337
627904
870885
888009
735909
230026
240118
533240
519163
 51834
969932
160137
747536
416957
354895
988490
906904
659104
894669
182130
784174
254158
 82920
417866
606987
944467
121283
657376
767449
709664
616965
200138
337568
  4203
 88147
589829
234229
328266
123069
269744
896452
609354
429881
160341
542663
784777
148831
449567
960233
 43500
631697
260759
814011
230969
678626
420998
175436
316261
594726
459237
 25925
728044
659376
879845
732247
263875
469674
482828
108493
109096
268924
  4946
718450
698805
681639
777465
999934
346822
227032
476519
390322
375081
737279
204333
606050
932257
141684
297838
248518
252762
273427
274444
980806
449155
154289
229405
713031
140316
712233
821524
249412
981157
342822
484214
196315
540813
261679
196249
887635
  5063
672769
794310
380144
926400
514995
502546
375009
656679
316736
623527
425794
590163
414323
406600
555671
 84965
152358
268702
225281
864591
606578
991045
362101
465753
991611
 74768
  6566
253290
787369
894202
774705
976490
688512
154849
902890
203507
173747
277899
376539
490483
417779
318685
596998
348454
725285
152669
433419
877643
937723
175052
258587
 60654
682449
137040
526407
674060
728160
 49325
443702
515529
943527
218407
492020
148391
889608
911262
868251
 63355
705514
761142
553838
639645
 79827
667189
988099
321464
819858
421519
715460
757582
112923
490399
818236
795373
143791
860995
985785
871951
910320
429488
387480
370200
647895
395852
518591
 53856
823467
903194
117211
528981
664336
187402
168626
260515
854591
156725
581980
674449
 94596
297440
948383
723872
304191
282971
519245
447982
143966
 21382
319933
 54287
450870
223765
940839
615118
135970
975782
668974
959437
878977
302537
  4770
 59665
489939
689748
320181
860882
362825
418513
535332
973774
232305
    67
697646
536496
283039
733243
984478
943357
754625
820763
513996
205496
560880
454835
336966
696850
430618
522292
172639
825947
824829
693761
885612
831121
383509
205793
692003
746335
624306
743687
720109
856611
743755
934107
393107
543146
667350
893937
486503
421975
231052
   500
143823
791933
971687
997141
  5135
918657
519433
694127
744604
860615
387888
630217
691736
771398
836010
383739
 34085
976669
643779
270546
349632
387534
204653
259092
447032
872003
153029
933535
810330
384082
450387
470506
692367
938427
467647
213854
857084
503433
907981
601689
880400
295870
231906
572136
583620
584268
472227
617705
560937
116006
404603
426922
 19892
609256
686014
466924
997611
839043
916812
324293
739477
883551
794799
948196
821978
778799
162051
679063
798584
 70032
797104
678984
882254
 29010
767472
465874
129630
756051
599931
206920
872058
  4534
633842
408302
613790
319856
391579
127753
675251
308391
452047
931081
708294
246846
879277
 46625
541997
557680
242040
856933
144065
 39144
535917
 26319
584506
303389
492194
714136
575793
 92125
921056
447851
613012
554898
372505
226802
391106
764084
354556
582710
588827
322955
513791
813474
 86153
909420
860099
628151
983453
102139
485084
127518
141283
537354
153837
725789
357095
162383
956277
932888
770861
877334
897091
383873
948584
269597
610675
339691
550033
481583
438753
655213
320890
952544
468687
407044
378316
328786
 35195
361769
947277
 36631
489287
 88560
 90337
159477
330701
447433
321860
286978
380321
 92721
164312
793765
476594
629249
 63362
603622
485292
129747
601557
924045
784960
922448
392941
769999
329492
771257
 98785
881039
133027
 46062
917670
138666
650974
  8008
298143
981675
971793
620004
785006
352114
712725
465670
662231
705672
 94919
241945
309294
580211
371693
910851
 20608
673005
349651
413549
443005
679143
701159
 58142
560182
350538
620557
994205
489204
271531
518565
303700
769559
490358
923704
 70917
358824
152781
536587
 21056
374805
631507
263001
684099
728070
151046
111303
265031
824052
977306
678580
783409
656450
379739
841551
732984
730277
978460
243541
735834
249992
762106
 39534
535903
252464
479590
606820
127641
632371
143407
665049
523529
291266
444402
207628
535689
595449
835283
800720
935853
812590
995652
719262
985392
375392
 77165
234728
622021
 55626
478270
357855
821970
240376
397389
357873
  9193
393331
481045
653186
 25703
140804
318235
549232
948423
762637
273212
484112
358086
624848
801184
810291
953790
796836
529553
939182
688580
123071
690262
310602
178697
168532
184809
   667
408909
 98551
874892
934454
491882
872289
587640
 33937
529445
905875
 99521
477868
668512
372734
478332
542951
513934
279516
353242
467724
592705
399148
923258
281285
522219
613520
591887
217268
782053
293049
734287
707314
391600
125531
641768
883482
997820
745760
917420
527265
651635
 16941
  5134
836499
906027
999818
895802
419961
279335
249045
404037
388392
164545
843647
669677
203116
973520
777917
420384
271925
 70966
671023
979239
462566
796554
137359
862400
794374
883119
296172
837991
 51106
313114
359477
403957
735493
359296
299760
671807
154983
 65157
592196
543375
229702
435844
729404
949170
925716
507321
369554
197641
578287
556929
693232
557205
353483
346943
935958
664209
746414
232130
502200
797520
 61596
378030
201477
797090
253678
 17589
985249
408661
 82746
577445
468388
312448
529641
197792
261618
455357
705114
147524
169350
799753
704453
862582
873311
574288
209525
809269
238497
472291
557751
257050
786163
619348
635080
503993
932790
405110
521582
434391
813771
604329
528188
798511
433129
 57830
996303
211100
 29539
217769
874976
198890
 17523
 95782
 61472
407186
670070
787350
732807
424920
775993
290558
198322
562157
426258
349754
 66150
875400
754864
587732
826143
 84987
708413
354332
883498
657895
412162
879801
868995
441701
613923
260323
156943
147798
356105
734768
554984
542528
 38470
287791
967448
814463
 94701
682122
376620
 37312
 31876
959122
912712
786740
 63207
738856
871727
771620
609540
755225
429515
 21702
151378
814862
979755
765301
 75186
136699
913099
431291
871467
984435
490171
909937
272226
973971
240752
883280
656093
617373
920592
687969
576495
349656
474709
156054
604864
862788
927675
214404
134365
873542
752458
285744
204757
732214
567397
279943
385265
996849
227586
773084
981284
717758
199373
769863
691729
440125
653143
864175
573850
 90087
552144
666698
956095
543206
822752
560960
405994
750427
291716
 56712
140322
 44175
858808
345079
292741
426205
141374
678006
939406
368960
451090
920691
603070
166815
206906
811152
606940
376401
675327
180791
466488
227471
847489
938935
287029
670241
499895
209376
937021
791612
266088
593695
352139
124896
938774
644880
 67453
 80148
322886
  6860
965460
290328
927551
 84883
457143
650809
896035
580435
 27210
 87714
277578
 10050
831537
641419
948985
118567
828013
448881
327943
765034
756845
594031
875081
625336
718927
330207
270216
786380
410355
109454
309592
892167
399782
237143
977050
373277
887952
389437
470064
431514
477151
747643
441564
308689
905414
390550
943608
733427
355783
271551
 14813
628980
381934
889894
254316
100861
220101
524532
403593
146808
633986
713186
555328
550120
466681
532378
923397
870986
438168
909813
302500
431671
173808
744065
740360
 79223
650967
200320
812650
  6750
471871
827464
635730
853805
233710
406398
471018
453812
930930
390964
116972
 81268
620502
672300
631388
603535
721031
 71137
474521
159199
980950
293374
107222
154759
553791
363935
750334
204758
564255
562984
727860
 36127
906800
879942
406284
140511
286340
393655
110675
217270
784619
227647
814890
921473
416300
446278
525008
137331
 33767
515882
812882
 14717
325608
920104
685828
879399
284039
436162
600509
848295
515499
844721
400774
938651
724663
323410
595514
 11003
717065
706189
744625
 18036
450189
559515
939509
382841
522145
464518
520172
555912
496752
849406
 86981
822360
285862
772810
701759
 86254
725324
818620
450901
757175
663341
851675
695827
388004
175085
807693
915359
408503
 30235
176336
426539
996776
735851
366049
379617
257996
346919
416141
330260
843671
265547
417241
666031
 67761
706403
884142
154015
948080
219114
604916
705255
882455
972943
917434
786811
148029
725128
218522
 72884
271715
394858
499423
268491
647061
865472
648108
421409
728743
 64249
751669
572414
846148
168910
754797
913909
875314
155291
584277
339746
374405
189193
 45001
773212
162137
478788
 76375
826518
720268
811249
899402
991983
206107
915177
260474
853168
297002
424934
274577
 25745
  5535
542598
114512
851683
711509
869309
281944
103175
540953
866221
442921
915358
 55415
  4274
204923
733904
999414
281298
560422
236034
 92548
976176
744369
815007
891353
521195
184528
704707
946129
975457
730453
951664
518056
844965
319699
745917
230626
601644
365444
771579
467865
324717
203290
 39632
328991
408213
289888
844758
205863
366662
 80792
814763
342838
341514
146123
750544
862709
330651
455251
808839
822460
702056
276855
856868
 63373
596555
602785
294000
714551
484581
581931
182416
809298
301573
738401
654642
226138
544641
499400
948354
911304
 96544
763117
770494
438058
425592
521038
817120
272595
492642
142311
 95056
711050
419166
468276
774424
532073
 71062
584776
246624
 71995
166707
945393
881294
984633
683794
535936
210771
228435
551688
159125
656091
164584
438595
426586
602643
864187
463976
936115
653135
956618
 78426
264543
667669
497592
732819
958445
 29666
320233
543221
276290
392229
226280
221683
273523
210913
421829
325811
938037
166617
877499
 97162
822708
 42083
 52109
249294
161078
432649
713271
 97193
 85784
186241
175619
350327
370262
189564
599498
328707
219230
919732
388280
 11872
311961
130913
233556
101836
341826
171737
427647
279863
338354
821498
893378
677415
863581
945487
926709
541012
378136
156332
154557
980272
342574
330177
330599
229188
519741
446450
 74248
255323
366182
462528
267195
194495
593441
 17103
812683
451620
705193
756682
247835
 43547
578180
141213
720962
958113
603053
164024
499125
497541
320356
653683
477814
179282
500212
324765
408471
536305
771215
482719
791628
653749
461599
575175
364596
 55041
108631
177279
 23013
813824
933961
270848
373723
 28493
928414
611038
986607
 47819
291414
  2084
545360
611770
172119
 23174
307405
188683
864292
715876
724988
635507
714947
 32968
805609
176546
124496
170205
747939
233127
863837
770952
563303
314150
558153
937026
342644
486567
 64416
329251
534386
355830
847687
596098
483953
536159
135625
791358
724842
999917
 23586
966183
151776
738533
999151
957385
431431
639999
643943
179371
873126
 24132
466675
952781
338282
 24828
406160
680926
 27747
470576
526529
 78485
826407
374217
674584
826712
426728
810209
618070
667922
326478
641656
634105
478254
896541
149609
951992
327972
789608
112287
 23695
179087
136419
490371
131868
474701
 31551
538028
155628
 59299
  8605
682157
654136
351364
572726
328720
178076
515806
655281
312498
183729
981759
470506
817834
976366
367047
483795
928358
211371
273404
556997
751419
452491
693416
758142
584359
168117
789693
122388
840097
365344
647345
 38607
535833
998709
127685
864553
693137
643492
 36187
  5635
827221
534298
476141
161407
510664
359540
645203
955374
 87263
434959
512371
838682
887450
722139
596824
471809
890257
902870
110549
246706
784566
757894
285313
320399
756603
929351
701305
966092
572843
737492
971727
916416
271790
964220
594175
298807
840112
755730
254181
927376
190689
282905
766058
 78139
  5044
879235
 66301
411653
298457
176850
658360
 83023
934745
460025
403423
207700
389376
621080
173793
478571
358572
661872
394987
146714
142445
505515
445521
982557
261245
216055
909933
451935
498960
192344
 46426
504004
 71579
629079
915658
370036
805930
 90370
969411
257027
550395
372834
981079
939772
993914
671224
934695
868838
849449
846035
531905
991894
351550
977426
974451
129147
709833
884385
581082
208793
 76729
143861
229150
664660
772940
661160
551048
 95222
751530
520459
352249
818277
409646
849681
274401
403560
520905
209097
788751
370354
 55132
320656
878600
406682
814434
853052
535829
524268
737437
633264
249413
330518
293477
478563
995178
 66417
139723
 62578
161640
891253
583037
 30241
225883
992683
396274
500284
912596
917180
709381
701347
803886
764513
538355
682487
687547
352789
 51891
223377
393409
789328
372993
642823
636198
666470
121386
147728
732887
777462
210306
410879
185067
793343
957473
410950
786027
353747
911235
698623
787279
620616
916322
107518
901482
971029
790005
589029
840170
841896
328758
233580
147576
701751
392755
300126
884573
 30493
447854
617461
807955
174512
544692
993023
967855
502165
920325
270234
372265
831560
485209
159544
968529
917883
267062
386363
888912
573419
975392
729083
931667
820503
479015
 79243
522254
871770
895721
406828
902263
859927
540641
226571
 34439
601685
735946
518647
620203
656271
305233
992468
  4184
306795
152012
489065
224678
935427
875428
629943
508846
367172
359026
440514
187675
354393
 36109
226282
226163
931831
149462
644778
308110
206455
871349
342550
808140
607295
377549
428343
779919
682782
937163
784103
989577
605528
789520
730608
540955
664948
360551
566153
548472
235929
  6667
736148
590322
559129
478782
332837
  7312
628244
977615
315422
834699
365317
657972
159191
972612
551873
103887
268883
234656
 41050
 52986
740585
162930
842506
471193
703885
 23806
831744
270039
572279
 67673
793058
824779
174347
352187
303561
507184
359499
931805
484800
191274
282856
850117
365598
442047
339081
917472
545934
607965
152128
103337
177303
409065
266267
 19810
880259
970153
559968
228355
756544
132247
296029
 65954
957026
986728
418142
776939
493913
293993
708744
978713
  1619
991600
345182
367218
950000
684263
284690
495934
808580
953170
115623
985884
362235
381891
522046
758846
868396
 82014
987202
141292
730614
799583
207246
203992
786311
141740
980932
280224
435734
206028
775289
953705
197629
636823
320923
663981
321087
605613
159915
129667
 75135
791891
631903
953723
173782
153949
712569
558530
235964
216123
699822
482930
 15706
907068
686922
318370
 48809
184206
114946
   895
390235
406588
954600
104216
 43411
791876
768197
880850
397489
444464
 10518
988977
236355
642421
942700
926489
312723
171621
485019
548687
387745
184841
547969
919803
608262
234891
238173
657071
419098
869472
174318
325685
276060
645270
429901
319471
437146
198098
200322
350988
158914
727192
339965
395270
885965
799017
321759
198688
970638
323131
263727
358383
507972
811696
278187
116234
562940
 32712
289657
498390
902184
980327
824075
694596
141950
253976
 14068
579096
968426
730742
930084
643692
974286
786401
 38962
860251
585418
877074
575292
 72409
200205
839019
430792
224529
167068
225331
857116
730008
774396
663125
228398
192932
643453
568825
887529
785403
339153
417949
880851
823931
665043
327288
467623
639329
113689
 22938
 15932
215460
416364
591224
287869
616569
946596
235013
357450
630016
976697
214566
360024
751093
394044
104774
460377
 37497
189951
864258
339252
529104
282207
736455
353035
947250
 63743
337010
102931
693785
359948
118864
909245
776312
710088
713466
909233
173036
464831
266684
803052
441528
997602
679428
708973
391646
784202
169351
945495
974153
549961
801099
 19609
832169
537555
888996
295771
601298
226007
398703
811435
585955
 33919
237032
878620
744007
950498
304205
433396
415330
570889
236448
856858
 84844
915877
 82184
992842
216431
767887
938338
706937
317848
255789
726546
666369
793344
615543
478493
910995
357902
393548
722430
943857
427467
959463
338829
687826
426313
643035
121222
841643
730276
357671
214854
331472
273548
813390
324315
  6331
581277
779005
713268
899125
 34794
439815
565495
344491
571710
560340
255486
929612
953888
494268
389821
381355
970083
728651
 69181
912749
888038
190404
754392
618314
 64427
485598
466139
854327
298988
790454
860658
396617
569459
573927
295743
120605
530094
377590
465096
101804
937930
236934
 31416
891818
247555
937589
789525
217638
182592
858706
130387
 70630
565462
401132
205297
146241
403082
671436
   568
218423
461890
861227
615040
547701
951506
910783
184658
481600
804725
649755
583404
259007
886689
131172
150825
650596
 68761
456702
868235
251354
831761
514974
838336
397223
432458
 43633
543465
835541
715069
 60385
 53964
693311
921612
669004
757364
873118
 96140
942023
354718
417217
108130
454474
676225
511171
101998
343402
161768
687112
800105
546355
454818
631866
 61329
293154
545441
 10140
853140
 88906
845681
 84561
665644
415997
777873
587256
601353
 51589
976727
697493
993612
847797
631063
101742
302272
307288
612914
404270
650690
291034
607734
450795
837389
 62552
599013
415070
355707
144455
425210
208847
749713
787243
293408
415357
203240
587633
518966
320946
639223
495693
534791
149187
343490
165854
767282
162114
473142
896548
 82737
123833
187582
690471
 90980
 24971
753024
689994
956393
625083
350801
381604
833930
100514
168847
643690
 32224
888440
747676
551190
209386
903251
 46883
744177
568790
906725
910032
336072
 68840
383174
748972
151577
 23359
452906
842048
114340
994229
111424
320686
950623
736507
671487
332227
 86789
288353
501074
730480
320577
389514
994508
871767
598900
897759
435002
859430
466549
341728
769462
318974
410568
668988
 67946
562145
692348
520853
920545
323040
515082
 31970
643726
465705
284829
831565
314284
371619
119918
815359
618451
440496
721225
612959
828615
836478
510718
263618
695908
493619
605346
465370
812593
532266
134358
880540
 94411
343058
917745
531308
666098
949179
 79630
309824
414885
364460
141389
729169
736079
777660
 60880
354530
218156
298458
483841
563123
134936
994559
826741
830844
  4530
948439
812566
817124
480705
463276
214016
 91468
806335
131761
622777
472433
 80940
218759
298610
 12177
583219
956351
257699
319298
734011
834931
190180
468519
133389
674021
547995
268325
184932
374736
615521
189463
839528
428087
522939
320233
407716
736955
411702
730403
385068
550831
719188
982360
769590
 17798
510890
352810
490502
284941
188460
740865
119872
894993
725737
253262
569014
273732
 37939
270299
164820
653461
976114
  4348
597900
499053
324582
521968
752360
252636
252371
653780
803467
971560
636140
 89409
989358
663382
442219
996212
948323
147032
737078
584548
 42025
462815
837810
127391
736547
392101
914042
417719
 45562
890156
422068
159815
905561
746650
681783
657921
999286
934155
311701
319105
422067
464194
408514
411425
127576
367086
923990
592252
 30470
661068
176800
 72495
640235
530962
716238
893134
923063
146633
310853
484978
 36789
732921
161145
458703
995923
842928
116624
511561
293435
944678
830666
715502
925224
755533
643280
569152
638971
567270
161404
669441
744690
854556
741936
901277
385518
974526
794411
308582
121159
105264
309912
674301
354538
471057
133004
350461
830337
765980
378375
640125
710658
725393
355627
152234
480926
515259
721387
119897
598881
399143
789338
859923
253700
 47626
761200
639218
 22153
555611
464152
659664
177228
774064
333965
 48118
761473
983321
914931
591811
749302
293306
748288
459960
 18700
103915
128547
 15978
135527
849934
135876
734408
249077
441566
594332
502777
  5545
355532
658348
544050
427496
638852
203714
121076
412917
 54032
169194
690742
 37353
 84125
798905
786655
893784
547193
762968
428836
167461
891515
444814
302988
741449
 97042
553748
506878
538609
148080
526008
544154
 19965
184356
 88204
963813
823208
808270
 84889
752477
862302
770435
959572
899656
370912
758477
202663
264696
822023
965631
693532
989484
857146
654699
292472
114947
751741
846220
138178
290350
510653
664186
350856
 46970
364894
955412
 10783
188102
763683
612024
456932
625985
898811
416504
 41993
269723
691333
244657
 50772
513356
210288
260656
502840
583787
915355
311664
215086
667097
674237
353264
473799
184890
 17450
341008
748212
382344
296420
275347
 86799
 60103
887371
543731
202441
786182
476587
244434
572257
167920
489091
139381
681277
215732
400038
700469
315871
831745
 12134
530957
 15194
686371
400574
  5346
387613
934376
346354
135825
833073
642774
411172
919872
219230
814895
979955
421671
117429
972894
666105
689686
140814
671549
829068
338443
403633
745458
 38913
719504
 93555
 51047
766813
108750
737418
167387
630448
125031
101764
493154
777208
934837
135928
188380
371061
871510
  3275
351016
293181
120704
840262
475639
326742
497428
663540
672162
835872
 67173
933972
391137
786677
 27528
442184
553490
652630
695954
237230
799430
337337
338994
292584
630897
273831
428512
819277
161244
816375
338904
 28612
625908
975960
868874
617899
302702
366302
281439
491217
718526
348612
425189
109663
651641
969069
 68199
721484
621699
764153
958714
421129
617842
814060
713713
248739
604243
658578
584368
765487
991305
439624
794099
617213
415584
179325
235113
234639
545627
516552
725856
264154
381517
667397
373817
549510
636467
442017
787346
774518
722522
262412
712000
856717
 76472
942065
621808
197067
116995
722529
962554
108300
162153
273005
241866
577738
452330
476979
328729
514310
509883
570937
778464
407752
238334
668633
473615
391153
627002
260961
165672
865877
 39726
394024
722594
632550
336089
860754
829618
969437
583283
308524
594089
261789
581530
835955
355879
550212
829286
684608
580874
339170
255545
875690
263274
 10231
544324
736889
401385
687678
514203
567057
553555
553929
477433
792501
702831
329874
653256
532449
299311
752891
840974
893401
 14680
938856
729356
370559
  5420
 74995
571519
586295
930517
827064
461985
193791
837296
522661
447033
755033
210340
477588
838442
280247
547869
315875
 72749
250700
645749
242357
783150
945061
511600
140476
354814
526281
 79332
600522
413192
601104
675517
984712
187399
606034
328128
165737
316178
681776
204750
763211
436809
415090
240799
275251
211690
305020
107478
800791
555720
753228
 43148
338870
214641
 71100
995698
569455
597381
 75030
686329
526926
192487
361847
 27990
896238
484233
872470
 61975
800411
554247
266726
 79974
507408
198168
837125
299012
926210
142145
406490
727001
697866
676070
770149
553088
890711
841250
548787
976518
954983
140169
179200
998261
332656
541047
 26251
228895
 25280
415074
807222
342044
485673
590300
422018
993081
304821
259144
808445
231031
917641
731288
958033
615507
407358
244534
168596
814422
602136
717383
307292
 73472
857552
486492
 71733
706561
543891
614337
451808
 85524
 29411
259030
427568
515084
365683
365938
 24517
670504
141434
832963
901535
 59076
564251
375920
674583
487961
620455
359531
302383
222591
 76914
126028
812415
450819
612520
884149
673732
156412
 14838
125540
758288
 44249
900922
185856
 75685
266605
 68146
616554
937109
209581
965869
354997
268657
530120
247269
943240
534434
867724
819124
836817
606668
412390
479197
419083
863209
 91718
819584
 53293
764482
834422
178833
522770
395023
 79756
224978
470708
862713
293124
603615
799823
502705
569484
671172
287714
615957
918441
747307
150391
302518
566431
503560
425538
978821
982758
844621
358383
590828
180558
411676
355310
 14980
590510
394432
410004
186618
619410
397064
 49331
428886
   679
365506
447944
 86516
553030
735658
702473
987824
482965
852864
290342
 49396
356424
715880
 28218
855534
 76853
386601
446362
257411
798277
318024
788744
905139
712456
198748
608109
848218
112164
657441
793457
629196
539299
241401
715712
608682
977059
934537
596506
460025
787401
886848
509421
660177
119080
 53991
515712
712285
440592
478426
486049
755222
796451
274793
660361
 25259
989893
268471
389830
618409
442264
183287
247605
497915
941040
479669
106597
918099
930558
703103
378124
234311
106303
403898
410841
741735
457889
442905
454021
898482
921331
456422
170056
234134
731215
830417
259394
237460
615240
165576
855869
 57504
865215
619827
 71772
806255
615848
178369
240706
546407
397825
618831
297070
504128
539081
707911
762216
513322
150816
732589
411804
 72148
189011
581860
306282
436578
928630
 82028
674038
543870
763956
 46259
117727
629171
666086
189499
951778
798287
884220
192485
861046
282045
327668
158116
302526
866749
866028
 64742
380071
 16844
797331
308228
605344
502694
406440
427979
939272
851422
510007
129662
395293
790316
175921
 29372
419487
358360
218871
887618
156647
103091
 80103
 17693
901489
407771
692161
204015
274520
558189
268757
170943
 91386
582440
995523
696730
 85134
401964
124709
 24406
253386
634717
670420
165031
941385
846341
194403
360872
204701
929626
248490
877700
549070
844945
411745
450559
252716
103907
654574
 43588
662096
439683
214532
753482
 22123
726407
966565
107257
128371
 91274
648015
898110
242343
318435
 63141
183728
164776
773897
 60953
885830
219875
825795
279882
285297
670741
691628
735856
923457
311887
906782
483398
973983
346465
214282
243818
884940
940689
726735
992197
 69061
818009
640212
483523
 60353
474999
 63016
760433
156128
353265
821386
558310
573141
647182
838192
858438
834275
 46172
110647
757732
358059
 17429
241130
848395
880247
971764
608565
765187
912454
335300
273737
497867
153309
430301
981390
730014
905301
 44406
  6800
577781
397672
828186
136091
487165
991720
490635
345603
825995
536808
972602
100080
894867
506384
857562
259614
386631
829327
868179
668170
741781
203479
941907
239648
873141
372209
221038
119507
793862
781796
126307
371643
695820
470846
 24086
182985
462566
514721
 44941
288562
 51529
 17543
904994
462749
 40279
762556
722363
426910
591883
106895
611433
850016
310374
 69692
 89664
699867
441901
827054
819375
752115
125203
462034
640110
821023
932880
664196
520361
395447
178918
565302
200361
746799
 99197
621707
209548
139477
384263
448264
 82739
492499
555159
694172
342515
381885
280217
948532
 81753
722118
775586
417480
990586
900789
395866
630696
238165
328747
811245
758526
240546
990163
323828
440907
736962
939377
578966
462863
595206
963229
427479
677946
455728
982638
888470
314596
364523
168687
263128
962628
407158
555066
896460
914096
455856
292327
544792
694021
621074
872389
968899
861620
862552
809079
818879
115867
748456
397845
 95082
343663
877426
522561
537961
849507
505199
426431
164103
386074
111471
943583
865055
 34981
498649
761515
949077
470857
 53842
 10221
681230
191268
882611
650129
569240
261515
459208
904471
893734
207665
818668
988816
 67680
696095
 27729
605641
 61954
 49280
548424
742409
435355
176247
685992
300410
211228
184641
578277
676657
655499
148472
686879
336729
339740
 85842
503211
908981
347357
962419
329804
757444
686436
148473
746260
754116
360920
290342
359757
422874
339622
424534
165283
291329
600781
851275
108091
812010
552268
686369
  5019
724119
834841
208250
577201
690933
294092
 80412
116266
157802
 42831
446071
915246
729268
594544
177858
483384
955464
468200
359494
894690
324175
784028
 59973
615504
384809
427600
723596
713171
979868
926317
234543
703988
761158
442793
281189
452091
736886
877953
 84710
411040
920784
530781
842638
166404
641677
 20496
649789
113493
  5049
525635
  8183
845576
826015
584508
461080
727176
 12108
701028
956700
508328
627345
191243
728668
904855
634036
526209
873299
887274
404162
958009
298314
324947
  5142
657304
491351
646819
194153
657492
760312
715554
699479
768495
561130
525494
353003
538562
252671
881463
239591
209371
389791
383288
400614
118460
804496
551002
644669
677795
438277
 48832
152156
252943
890131
157298
910248
897834
804117
620753
 71679
564429
336307
771158
849276
897437
813005
718631
435999
 65676
116446
191942
791399
506237
575231
708365
141049
896079
259367
785719
573874
213996
350903
726030
983292
757386
399680
409892
655220
203797
 30645
243251
284578
366952
530762
650206
264389
343767
885189
216740
925795
  1635
408683
717194
507872
500266
425559
648922
396345
201278
950993
486571
415275
818248
728953
398567
575634
128633
808459
747206
332430
355456
990458
133360
722408
521220
783566
503149
381339
668755
719889
307134
670390
644924
 24328
694614
145190
966239
859888
 57887
167517
810881
544458
 99144
629129
789763
497711
721115
918396
822522
468322
767178
177978
975132
900538
900386
 12704
200456
919887
394043
869211
639777
701177
 55953
284701
241857
750568
946244
724448
610456
  4131
891965
937690
 64942
991110
 83171
854705
  5173
804287
289454
827696
788961
 56632
522026
764093
957171
938765
776797
673979
858652
170840
543191
 14781
388369
115496
299483
146578
382416
762079
871026
509225
282562
762991
446915
863856
270453
 46438
718562
791979
850725
  8016
136027
639686
581000
658053
403779
 54523
113170
696928
728503
971823
867768
271694
502956
772489
903542
802439
919067
285959
 80870
790093
311536
363433
 69437
758451
227289
856242
804889
462203
648221
171967
986571
784248
328005
567572
958654
248137
622095
 71824
945065
350598
559999
329186
138644
 62956
101675
 42187
381747
 20743
844498
462618
810836
156034
342403
396625
430837
569692
252868
752078
 31896
901089
924045
534819
201690
252051
102391
160344
500188
240839
748520
961605
591437
824872
290791
246434
887828
392467
804973
785927
413210
649471
764897
740398
321857
107300
137024
269046
676993
906244
 21124
225241
323685
461522
760060
525375
713573
378804
202071
730113
619643
466944
691718
727432
291816
498862
973866
695996
891329
295191
998275
820891
461014
763173
 77641
782871
870473
731017
 51917
 63818
637261
589394
289059
960947
 50916
565472
  2674
764489
460628
204746
 10954
596623
188042
219024
324055
479858
717886
814274
692206
125567
625817
690481
946458
 86832
453654
540452
869703
324128
271469
437973
387946
425083
 27367
193358
386030
594635
275182
905056
359124
735810
626154
886430
848785
814196
621806
172840
810406
339693
503466
502612
465260
129284
709446
928071
216116
163100
468523
602171
  3580
739992
556496
907879
681427
100215
617589
583809
694850
892771
488866
570326
144933
115020
973108
993718
929217
594915
682910
255975
934608
702729
758588
916220
348365
468034
844291
 80833
147486
829166
683004
667419
 85511
755853
575298
766938
372420
709239
350748
 67271
118362
839614
637597
263295
470986
610706
773365
400203
721973
972627
656179
656581
675356
931119
 89153
540073
915505
933445
620906
579343
762611
820263
246762
848122
576116
338412
131413
948536
 47651
482161
532159
166013
321775
686109
945660
792761
813167
235377
709317
535140
208005
881848
191721
399713
329319
797226
939787
244824
730671
560693
340519
  9635
380956
587282
374109
473424
925694
505522
938313
489698
504035
470472
655711
342162
156581
117724
651276
969748
353101
876945
504888
561106
758793
212961
477172
604464
 10188
416959
849288
257211
494004
189807
783198
874961
293441
673660
864737
735488
695534
803050
225186
199570
273523
397249
541732
430104
514973
193008
916205
384427
 69953
421093
461885
345098
150407
939057
949562
160595
356016
315202
934158
366373
 21362
717357
241334
314803
391017
622423
566643
 86551
425474
791829
286121
698997
705431
344206
645453
736756
 53566
561658
121183
123520
499104
583069
984970
649511
522126
934533
326458
394495
766087
260616
760868
787449
977973
518554
618605
885342
140977
185248
971894
 82803
493430
774367
781800
715213
118573
943606
451969
172140
 21616
573153
812012
 37072
672574
313334
686583
194700
764219
 13041
105547
530307
790010
866415
834108
767983
384969
969065
653326
 42299
670666
141572
125102
680448
915939
423255
395661
550865
883213
847630
239357
904829
937135
 51369
941902
609709
364703
144837
804410
645275
674231
909957
175582
464241
292725
526042
232224
194046
495108
401902
236345
165774
 59826
877800
846222
975766
301055
758235
526631
700620
605865
282340
605449
 59353
333709
 63703
669062
214764
724893
989824
860039
399124
416134
551973
863365
708859
 78016
611941
419257
 89476
 13844
655603
255250
590022
 49755
617824
565788
867162
376059
608771
567782
498276
891111
689583
557629
741172
269639
226692
472289
994532
732868
848680
393656
149002
400654
257021
857861
995022
868962
277119
 84498
399158
449074
856100
989181
 15181
990276
 71321
882343
882687
196445
966477
380963
603908
656060
454945
345081
925699
197989
817370
920231
930857
666050
830239
 79860
583056
 87260
454073
578078
472575
247544
662576
388085
212970
 35028
893618
228151
 25304
481292
626846
907991
677737
593323
805307
281645
765736
260252
143078
691435
458241
960448
128019
905450
142851
958258
501662
242259
561871
955736
820338
550798
719632
999266
938883
932603
 34295
348854
677106
575951
830146
303953
483943
 24235
413628
289250
822232
179364
549502
965311
870800
524095
442111
515171
945897
584962
473429
447560
343574
551652
919648
163912
102450
639280
679530
557686
 88235
230177
906540
765342
806129
253038
 69295
290072
277273
999275
 95674
615857
178640
161528
581168
 49440
685623
 23280
 80963
147872
124594
 70744
595432
468168
622397
515080
148432
724847
670713
827963
798885
758948
 58140
705425
524290
864269
474815
109937
670693
268440
109213
766367
884298
287853
927895
465466
853645
129870
  5098
450960
277743
129693
521704
389527
114213
144101
904608
262646
385301
 91673
606961
184186
850621
665101
405964
891264
 45723
880779
517553
716416
665572
143118
999136
549870
947323
927031
531688
800968
573254
 53139
251928
850997
699184
289985
756876
813397
434086
661484
592395
819387
269509
199356
519926
120131
380810
925890
527747
942885
323021
 45300
175653
504945
188419
174789
 54815
135742
618173
102856
453063
191427
155995
221343
558776
855179
511328
315652
184928
945415
493489
777324
281154
762998
493032
801080
399481
390194
243322
927228
333079
 82696
972529
508733
587641
677300
683522
158809
813042
301695
261665
782457
  9474
934012
  3801
568250
305543
515129
883903
  6823
976896
377392
300499
774403
656742
793532
 91835
 56224
183726
851510
499804
516806
934206
472333
541891
521847
665985
225413
680656
995380
 43461
458673
777837
 52935
909037
781638
137538
730932
813120
537793
737756
306368
431537
 38255
 80771
 88279
831787
172607
660855
531866
 24117
160660
565024
474675
149345
106915
996522
815331
848680
193531
810711
408493
652204
588548
977781
 77594
886539
115319
808526
699659
653112
 62634
  6027
601001
100890
603151
689280
449029
292110
350136
980895
316227
510796
 62271
790902
176493
169186
303776
991824
534219
497307
318887
942712
665864
907436
920493
259810
310327
552164
 68336
  9986
721628
130971
532365
322629
748213
651868
 11910
197242
943978
878398
694490
776557
905546
273113
 83811
 82039
958652
387588
590216
492871
401247
909103
951935
583463
816539
872429
843273
126866
940945
427962
653204
662574
 75285
701922
985203
823498
353790
513465
537092
297769
908215
231582
590678
813761
 21048
674490
412153
979700
 62078
  2369
472571
979677
911472
424506
563141
244364
813287
406414
887582
754233
834376
540787
933159
909661
759061
434714
249511
629203
948180
786604
443324
372747
534538
 34003
702861
555586
708493
115014
535286
770571
117383
524209
266600
 28855
948716
829741
789571
278355
752508
677154
548940
586884
217941
482099
 12898
493354
916814
778761
122557
381346
565365
565882
270445
 99904
599885
973306
171842
308378
 88320
223481
595301
205703
747690
861901
750911
212758
207995
540482
491114
960503
733988
556406
 63739
951929
 38506
 76637
961635
471672
371751
 84193
369370
937116
166427
639815
553372
766312
613122
241567
591042
701442
465048
186343
423498
212738
564596
690761
941849
772591
747595
949315
733094
481584
505721
796834
949865
544227
389823
911501
 15899
761574
995694
385269
215043
678473
541437
284767
444785
154559
526334
552179
856001
991382
254874
279499
720473
819470
486612
662322
108414
234208
611637
357860
715792
117358
671046
665657
177938
 60870
577158
710189
338796
 89204
611811
 70191
767677
153248
354959
728814
307807
881293
280993
163808
872676
 52219
959660
109501
871690
446272
771823
496456
680480
899812
854316
912624
 17170
525363
578282
711460
102585
671792
421650
957733
277349
 33461
 27925
561378
703061
382884
806545
 10868
780529
603890
691028
169557
656110
167040
279058
527800
613313
567233
540608
810145
467045
394924
239122
   568
436639
817404
712028
539224
  5548
650030
 13310
282897
199843
 41235
360628
902904
940471
167173
430124
237352
771063
121153
406910
427173
288193
202320
471325
417858
769554
 11933
744356
236599
923210
983478
753519
359849
800882
981900
415426
322782
631930
428736
122032
348126
986323
482660
251030
926794
166185
681155
680498
937248
318660
 87408
880774
123205
289729
352099
541064
 59283
880385
285420
812234
803595
268898
 82106
679796
586132
 64006
 95222
425266
695936
 40310
547298
560414
 26633
546310
811445
469779
712495
  8952
150278
166096
843964
754038
 46870
967169
 43767
915321
508233
619402
312058
310005
947989
632005
 95255
 30095
311802
681387
 94101
923376
106654
306389
963687
170304
866804
506672
716615
194601
492804
945462
719905
643082
627910
563869
913472
191132
531038
957240
106454
555624
 92994
934864
865629
 40983
566870
960885
 71078
395024
158624
165179
318400
781630
987921
798439
951935
854725
821464
184902
565678
314268
646716
285583
473702
274627
849452
387174
465759
380490
860766
 88565
936114
953761
 23430
318096
994744
106652
278981
582175
501676
437605
263706
820076
219236
251627
134868
687523
622704
956332
872425
188382
270600
519141
473965
744302
310120
323417
647828
775880
220260
508595
380797
672726
462356
920579
990822
973452
 27231
269803
555627
528907
223761
819334
865336
959349
587313
   204
646872
210018
472888
519297
914752
259840
554790
388718
520494
381263
228487
168322
673495
965099
676917
 54292
637826
655625
974872
628648
145430
518455
414804
701057
563715
638565
 36743
429051
597914
140409
945607
244786
350427
934847
280435
781531
194687
351577
170249
715181
732840
915089
399855
922687
880188
593125
976980
518014
248750
468204
146663
394180
503011
 77819
611590
 66726
716384
164685
 12129
830650
305094
957736
591788
171873
892583
388575
953405
603622
740152
640006
318803
989345
555095
235011
912032
435284
828136
405364
469650
 76886
389920
132665
987419
892932
210484
599009
476010
443220
763694
488140
273870
585141
962228
382010
757014
854812
770585
710419
974786
510738
866778
809942
 16435
421873
 44953
444819
373509
873089
366536
359512
949975
756456
492177
453746
165740
219014
 52755
158103
178586
332802
646243
452457
917943
608471
350819
674957
979635
121405
901729
954422
148495
768507
764364
681282
706732
325669
126101
596594
198758
492637
956106
665085
765446
964635
118832
447538
183649
687939
121993
362236
 20741
768236
331045
455036
893060
681864
646346
389047
319621
 64427
343469
468116
832934
624185
149398
 56018
949854
791852
652612
664964
284489
608718
330050
566287
573354
448882
530178
273355
653173
652171
635591
190267
936760
482988
645303
829820
164853
808001
218867
484474
872428
 78689
468943
221714
219226
618341
277733
685433
410193
446697
350397
211035
571768
196799
293674
145122
645681
823852
934829
815207
476024
570421
  5474
929136
569761
167129
758956
250966
975131
494175
735441
363911
572864
720736
585626
308443
339077
379711
510228
265623
342760
860625
993010
914528
 57425
286684
576002
219458
626889
510832
 34665
619265
597605
556491
548401
167366
723621
307357
418333
215104
801532
670126
579015
890749
907214
680993
715544
246291
577056
225772
 28266
919817
602749
 21276
834345
660174
824313
926700
395985
451202
953884
947002
 70467
551489
503494
618868
235207
743467
442577
169892
958571
760461
356370
 53938
167562
263584
734932
883106
 26228
311988
625230
 54494
748157
227980
592123
 98855
888154
932788
 25555
800491
383990
979439
747494
970809
 47280
767340
589677
798839
510807
 32254
968732
469378
309067
325102
 39668
476630
105039
774600
359736
131267
602941
984967
702113
867450
729299
294236
966305
133805
227024
508212
934297
127366
  4003
681791
 98175
 51283
449131
687852
850123
476290
236458
335207
462020
 61878
176661
501688
538508
281700
792641
414596
412967
395582
915915
115081
779384
645214
925669
745690
779020
152694
253902
713317
796412
257906
911460
894588
825541
876943
 98792
192016
353233
851603
527223
815253
913481
703885
833293
451989
985585
625934
382937
914905
537868
298853
 29986
317253
944067
472007
 62943
239439
141053
833197
469108
937466
607455
380568
832054
432997
257511
447198
625013
127096
298801
668589
458701
212282
888826
291995
180623
390763
917929
563561
305668
455798
378766
852006
773051
322833
324014
352346
 78625
465067
701895
547733
402533
309351
928302
750939
258700
702165
198138
400065
345614
 13291
 68654
804315
741926
957480
 96310
438901
864596
 14240
  2462
170264
986390
897580
 22271
275793
220414
862637
628139
815391
327704
846386
363124
246590
155737
291426
513881
414437
509944
228371
330855
855558
241663
399509
176225
983589
873342
272536
422490
737938
803128
941305
424554
789518
355237
963177
 65311
 92003
825814
209802
907394
669871
 56188
270519
916461
728278
 78297
430342
142715
104593
658714
473570
960151
416729
389432
136377
916670
779126
925265
855512
 33416
728393
313169
974322
 34263
668407
937500
 99574
760410
763314
825728
667805
433185
398268
938324
865998
126546
532973
812693
785614
637567
987759
775536
114070
920840
681320
766799
837510
460446
692064
693022
 10214
936809
  6192
984537
971072
190951
438389
586998
951361
201703
412726
619166
151241
810995
 73842
533591
453893
606816
862636
239507
244383
850395
 15044
358453
287587
696364
641605
125097
673163
333669
334472
683377
270479
340664
184266
241551
531615
622655
828550
999328
340711
757628
618495
  8304
 84975
208689
541895
538869
815505
920884
294728
576240
771279
309772
451046
 58867
522489
 92651
700316
195652
426320
 34788
395381
213151
891804
 96000
971055
939771
718655
315957
939100
575718
 73585
557595
584022
674913
766284
642270
213782
 98142
563154
 24862
190734
850785
334635
641780
426004
857124
250783
126321
569128
193456
161109
964509
406607
569266
576861
377662
509037
295517
209971
448137
871235
283557
522084
971610
958470
288369
613880
688604
902863
177034
229818
 93597
544171
564453
251730
970176
937929
 18865
 96497
507057
212321
773958
987919
135281
343224
564780
 29295
852262
376649
239267
300399
764237
 39176
822484
735847
513998
627205
866079
202602
 46420
559465
948772
656369
103636
513226
908099
 73812
967507
926965
686661
990917
655638
460620
978836
790919
803844
 59968
336567
172458
952970
575834
989210
717207
615010
811694
969406
129008
955251
835485
847962
518023
911302
796734
174392
 14938
826312
598844
605103
793820
 42161
291764
784737
697799
752384
279925
  5071
 72581
339893
341638
761391
292863
917472
750601
526422
532482
 78647
495828
177842
 33898
847665
 25804
551921
758967
338890
242666
290258
165203
841510
411713
959023
883671
703477
743760
 97822
972214
 23685
102893
561147
879930
444531
322538
689146
878355
 73140
215568
927189
151787
711397
105031
702038
 75414
647187
770311
350734
986078
 12977
157344
151281
854487
569057
626656
254510
272534
886768
352333
761100
426805
455226
322247
306735
416110
644786
512233
294465
717926
727802
221655
386065
955551
843038
 88103
 30965
490226
374767
381699
992656
387744
539043
660289
758584
108100
286945
 13094
896987
690065
365427
658087
116870
337006
980335
939957
753116
141473
452191
 47581
375751
179993
785588
761816
135544
628627
366272
682861
635205
741039
 64561
627861
128783
119956
288150
887367
744409
 91447
416814
641396
781512
782241
815835
414734
119247
312522
354691
388715
453995
323234
436297
829746
 19579
738237
591563
671475
366864
474187
354337
  2069
215226
935250
146282
860361
 55206
434432
264081
799615
525879
680895
957363
823743
979488
289551
238477
615088
602073
109521
  3803
 56069
432755
956452
402167
452335
694690
510082
123810
 61554
984269
478147
579976
715847
413397
726258
576209
984956
677043
840290
300923
719274
 37537
774639
543018
 17025
 64190
781495
632113
